# # MDM = $10^{12}$ (redshift : SFR 16, 50, 84 percentiles )
9.000000000000000000e+00 4.127391098022460625e+01 5.020286941528320312e+01 5.913182785034179290e+01
8.000000000000000000e+00 3.911222549438476648e+01 5.288480758666992188e+01 1.304844781494140307e+02
7.000000000000000000e+00 3.450060653686523438e+01 6.166730117797851562e+01 1.118561553955078125e+02
6.000000000000000000e+00 3.152740768432617102e+01 5.616933441162109375e+01 1.038356155395507869e+02
5.000000000000000000e+00 3.346151443481445398e+01 5.808504104614257812e+01 1.023939996337890648e+02
4.530000000000000249e+00 2.300444931030273565e+01 3.919580650329589844e+01 6.660342651367187727e+01
4.000000000000000000e+00 1.966454498291015796e+01 3.195322418212890625e+01 5.222449096679687841e+01
3.500000000000000000e+00 1.640886344909667827e+01 2.542998695373535156e+01 4.031580093383789176e+01
3.000000000000000000e+00 1.467351284027099645e+01 2.190203094482421875e+01 3.330310363769531534e+01
