# # MDM = $2\times 10^{9}$ (redshift : SFR 16, 50, 84 percentiles )
1.200000000000000000e+01 4.148132971022277355e-04 2.141640055924654007e-03 7.523620091378689298e-03
1.000000000000000000e+01 1.967721688561141014e-04 1.398522465024143457e-03 5.154446717351676352e-03
9.000000000000000000e+00 1.124415991944260944e-04 1.088954159058630466e-03 4.127279203385113629e-03
8.000000000000000000e+00 4.739901487482719127e-05 8.224480843637138605e-04 3.183060418814420353e-03
7.000000000000000000e+00 0.000000000000000000e+00 5.913092754781246185e-04 2.419382613152265809e-03
6.000000000000000000e+00 0.000000000000000000e+00 4.032767901662737131e-04 1.816683397628366791e-03
5.000000000000000000e+00 0.000000000000000000e+00 2.563932212069630623e-04 1.412229035049676791e-03
4.530000000000000249e+00 0.000000000000000000e+00 1.511987939011305571e-04 1.156006241217255592e-03
4.000000000000000000e+00 0.000000000000000000e+00 1.333866566710639745e-05 8.157749893143773946e-04
