# # MDM = $10^{10}$ (redshift : SFR 16, 50, 84 percentiles )
1.200000000000000000e+01 2.755921706557273865e-02 7.160995528101921082e-02 1.659234762191772461e-01
1.000000000000000000e+01 2.042185977101326419e-02 5.668878927826881409e-02 1.313589149713516036e-01
9.000000000000000000e+00 1.639054797589778803e-02 4.572662338614463806e-02 1.065440079569816567e-01
8.000000000000000000e+00 1.291188441216945676e-02 3.585441224277019501e-02 8.232307970523833340e-02
7.000000000000000000e+00 1.004293609410524327e-02 2.815769612789154053e-02 6.432019233703613337e-02
6.000000000000000000e+00 7.771551609039306641e-03 2.169117890298366547e-02 4.967514276504517157e-02
5.000000000000000000e+00 6.678963173180818211e-03 1.919163390994071960e-02 4.461761280894279563e-02
4.530000000000000249e+00 4.973993916064501503e-03 1.392345875501632690e-02 3.200506716966628612e-02
4.000000000000000000e+00 3.695690128952264838e-03 1.078691706061363220e-02 2.550984732806683281e-02
3.500000000000000000e+00 3.013602057471871654e-03 9.192942176014184952e-03 2.194852575659750338e-02
3.000000000000000000e+00 2.192294988781213604e-03 7.233086973428726196e-03 1.812410950660705428e-02
