# # MDM = $10^{11}$ (redshift : SFR 16, 50, 84 percentiles )
1.200000000000000000e+01 1.564496016502380460e+00 2.683661937713623047e+00 4.169870948791503551e+00
1.000000000000000000e+01 1.151300392150878871e+00 2.192339181900024414e+00 4.169544029235839666e+00
9.000000000000000000e+00 1.025442261695861834e+00 2.054911851882934570e+00 3.957613468170166016e+00
8.000000000000000000e+00 9.374781370162963423e-01 1.914135932922363281e+00 3.699511070251464862e+00
7.000000000000000000e+00 8.578897118568420410e-01 1.742096900939941406e+00 3.285787582397460938e+00
6.000000000000000000e+00 7.498620939254760920e-01 1.494326829910278320e+00 2.736385345458984375e+00
5.000000000000000000e+00 8.111838221549987349e-01 1.574176192283630371e+00 2.787242794036865590e+00
4.530000000000000249e+00 5.529012393951415749e-01 1.064831852912902832e+00 1.878734388351440465e+00
4.000000000000000000e+00 5.068379640579223633e-01 9.614407420158386230e-01 1.667553424835205078e+00
3.500000000000000000e+00 4.539934694766998291e-01 8.409878015518188477e-01 1.428027033805847168e+00
3.000000000000000000e+00 4.072112596035003529e-01 7.672253847122192383e-01 1.303126778602599956e+00
