# # z=8 (mass : SMHM (16, 50, 84))
1.124657822119819641e+09 9.236400633350346778e-01 9.691692108569915920e-01 1.023795547164480846e+00
1.422529313485371590e+09 9.266287003717860182e-01 9.724818456365317276e-01 1.025534456397076521e+00
1.799293623291551113e+09 9.220582420657739142e-01 9.730166812936388299e-01 1.023103182483976470e+00
2.275845926074781418e+09 8.967827937417403028e-01 9.701996314367494767e-01 1.019272745773291078e+00
2.878615592354563713e+09 8.832047058130987338e-01 9.637591264168042793e-01 1.014616655045051719e+00
3.641031949310673237e+09 8.767094109371204036e-01 9.544222753430717798e-01 1.007491387969598140e+00
4.605378255822419167e+09 8.680179204671032434e-01 9.434514649822445254e-01 1.000380318265344792e+00
5.825136712468918800e+09 8.592186935146247651e-01 9.340886633531898520e-01 9.936167926541433770e-01
7.367954559661630630e+09 8.534701335221961394e-01 9.271456986610613349e-01 9.870262536301507295e-01
9.319395762340791702e+09 8.525535144568404666e-01 9.230989961623740081e-01 9.810229652580960691e-01
1.178768634793586349e+10 8.466230029082167929e-01 9.192809160099719712e-01 9.761261222299709717e-01
1.490971657184065056e+10 8.433060867482000678e-01 9.157799608041434780e-01 9.720207324148333328e-01
1.885863278772653198e+10 8.441537927670909047e-01 9.126878154317685787e-01 9.676773607902303675e-01
2.385344006431427383e+10 8.487397370539083719e-01 9.109028386025194157e-01 9.642122238751108521e-01
3.017114810529297256e+10 8.538547845303839923e-01 9.111346340302874935e-01 9.621303183895866251e-01
3.816213407949351501e+10 8.600537160128544079e-01 9.139606973032416981e-01 9.612335819784987301e-01
4.826957437677872467e+10 8.652661546094939649e-01 9.156433099413265886e-01 9.597799741600161472e-01
6.105402296585337830e+10 8.721318238473790840e-01 9.185844109652782086e-01 9.586351870861594682e-01
7.722449945836253357e+10 8.768812553666505138e-01 9.218284988076710373e-01 9.604739094793910414e-01
9.767781100894862366e+10 8.832242252801558724e-01 9.238741758692364803e-01 9.597739017720097188e-01
1.235482888256744995e+11 8.895209021007769445e-01 9.271934987773858827e-01 9.610133624994533497e-01
1.562706976546994934e+11 8.923487101192617565e-01 9.291814421757226272e-01 9.630539164460332202e-01
1.976598071701636047e+11 8.992693872892368878e-01 9.343505855090459278e-01 9.637905452395707506e-01
2.500110382617936401e+11 9.014255729931022199e-01 9.340712835375293288e-01 9.624734099729467252e-01
3.162277660168380127e+11 9.025717300006058652e-01 9.346497078221077670e-01 9.641696813117973663e-01
3.999823395608926392e+11 9.038812831749990506e-01 9.394415006163228110e-01 9.629708179936748991e-01
5.059197488435822144e+11 9.057247965839170245e-01 9.387922082433998172e-01 9.616034221311579033e-01
6.399152336349270020e+11 9.358136402699698264e-01 9.419386355717040971e-01 9.563800415305676594e-01
8.094001216083140869e+11 9.311843841216675965e-01 9.495671175610488346e-01 9.642169031094504072e-01
