# # z=6 (mass : SMHM (16, 50, 84))
1.124657822119817138e+07 2.000000000000000000e+00 5.687063159878631424e+00 7.333177479905961249e+00
1.422529313485368341e+07 2.000000000000000000e+00 2.000000000000000000e+00 7.043204894233236146e+00
1.799293623291553557e+07 2.000000000000000000e+00 2.000000000000000000e+00 2.000000000000000000e+00
2.275845926074784249e+07 2.000000000000000000e+00 2.000000000000000000e+00 2.000000000000000000e+00
2.878615592354567349e+07 2.000000000000000000e+00 2.000000000000000000e+00 2.000000000000000000e+00
3.641031949310678244e+07 2.000000000000000000e+00 2.000000000000000000e+00 2.000000000000000000e+00
4.605378255822408944e+07 2.000000000000000000e+00 2.000000000000000000e+00 2.000000000000000000e+00
5.825136712468926609e+07 2.000000000000000000e+00 2.000000000000000000e+00 2.000000000000000000e+00
7.367954559661640227e+07 2.000000000000000000e+00 2.000000000000000000e+00 2.000000000000000000e+00
9.319395762340770662e+07 2.000000000000000000e+00 2.000000000000000000e+00 2.000000000000000000e+00
1.178768634793587923e+08 2.000000000000000000e+00 2.000000000000000000e+00 2.000000000000000000e+00
1.490971657184067070e+08 2.000000000000000000e+00 2.000000000000000000e+00 2.000000000000000000e+00
1.885863278772649169e+08 2.000000000000000000e+00 2.000000000000000000e+00 2.000000000000000000e+00
2.385344006431422234e+08 2.000000000000000000e+00 2.000000000000000000e+00 6.385043651752827287e+00
3.017114810529301167e+08 2.000000000000000000e+00 2.000000000000000000e+00 6.434979331059619057e+00
3.816213407949356437e+08 2.000000000000000000e+00 2.174986454411206083e+00 6.391729672565988452e+00
4.826957437677861452e+08 2.000000000000000000e+00 6.220612547958384475e+00 6.562168319211716394e+00
6.105402296585323811e+08 2.000000000000000000e+00 6.316817949660176623e+00 6.677004052139617229e+00
7.722449945836263895e+08 5.975150253506463116e+00 6.433118853163252382e+00 6.766835051075161367e+00
9.767781100894875526e+08 5.973319943974798818e+00 6.531615253006794575e+00 6.851839675243767580e+00
1.235482888256746769e+09 6.175796903657144732e+00 6.628354733465966930e+00 6.939877376506487394e+00
1.562706976546997070e+09 6.324943525982149595e+00 6.717656856393751319e+00 7.020729769309463464e+00
1.976598071701631546e+09 6.436531966254768200e+00 6.808701544218780377e+00 7.092221365278119194e+00
2.500110382617930889e+09 6.541978557933576965e+00 6.893211646149804750e+00 7.164651116277006793e+00
3.162277660168384552e+09 6.640547288625711531e+00 6.969596730354523650e+00 7.234797686971737640e+00
3.999823395608931541e+09 6.731026965514306681e+00 7.046640994947808601e+00 7.307731929793450654e+00
5.059197488435828209e+09 6.817965667938263863e+00 7.122465202609251200e+00 7.378780760229934899e+00
6.399152336349278450e+09 6.896182166076860298e+00 7.193365656193300595e+00 7.446197283101908759e+00
8.094001216083123207e+09 6.973649552071458757e+00 7.262553105237677720e+00 7.517126908357830040e+00
1.023773966339586258e+10 7.049041606277022254e+00 7.330330340031804504e+00 7.586027081470128053e+00
1.294925842205265808e+10 7.113579669829579899e+00 7.393786395707902415e+00 7.650544024040527802e+00
1.637893706954064751e+10 7.192916656097424699e+00 7.466429112101048204e+00 7.716069565248522721e+00
2.071698399895303726e+10 7.261959303001814803e+00 7.523322781386489133e+00 7.773278838494110943e+00
2.620398528858348083e+10 7.314790464096885714e+00 7.584352066557276117e+00 7.835179327107732128e+00
3.314424749466429138e+10 7.382905596814008931e+00 7.641118677321864894e+00 7.893918680412627786e+00
4.192267435236911774e+10 7.441205865509440187e+00 7.702975024171404783e+00 7.934969447721428537e+00
5.302611335911986542e+10 7.486600892247779804e+00 7.737611582126242560e+00 7.989098473629272945e+00
6.707035611184292603e+10 7.556180054305982274e+00 7.782242385313761446e+00 8.033786607064037355e+00
8.483428982440713501e+10 7.608882997251850355e+00 7.844979630866348863e+00 8.088181343157547332e+00
1.073030940526156769e+11 7.639944116377822780e+00 7.874689492213190256e+00 8.119040088512599951e+00
1.357228782971656036e+11 7.683575556417954644e+00 7.919263693389990699e+00 8.130983554395660562e+00
1.716697906607859802e+11 7.701695982251228756e+00 7.898920990701606470e+00 8.160653778762361199e+00
2.171374302937512817e+11 7.792970309700511855e+00 7.995955187230856964e+00 8.186887944366313619e+00
2.746474114816058655e+11 7.853254995803314209e+00 7.998770913148689488e+00 8.111174119152467554e+00
3.473892112083115234e+11 7.999239930931492992e+00 8.162397943490102392e+00 8.241102716352244784e+00
