# # z=8 (mass : SMHM (16, 50, 84))
1.124657822119817138e+07 2.000000000000000000e+00 5.697428227890039665e+00 7.194799112217711290e+00
1.422529313485368341e+07 2.000000000000000000e+00 4.491119041042540339e+00 7.108110556200019303e+00
1.799293623291553557e+07 2.000000000000000000e+00 3.936945233867319871e+00 7.041474558951605012e+00
2.275845926074784249e+07 2.000000000000000000e+00 2.000000000000000000e+00 2.000000000000000000e+00
2.878615592354567349e+07 2.000000000000000000e+00 2.000000000000000000e+00 2.000000000000000000e+00
3.641031949310678244e+07 2.000000000000000000e+00 2.000000000000000000e+00 2.000000000000000000e+00
4.605378255822408944e+07 2.000000000000000000e+00 2.000000000000000000e+00 2.000000000000000000e+00
5.825136712468926609e+07 2.000000000000000000e+00 2.000000000000000000e+00 2.000000000000000000e+00
7.367954559661640227e+07 2.000000000000000000e+00 2.000000000000000000e+00 2.000000000000000000e+00
9.319395762340770662e+07 2.000000000000000000e+00 2.000000000000000000e+00 2.000000000000000000e+00
1.178768634793587923e+08 2.000000000000000000e+00 2.000000000000000000e+00 2.000000000000000000e+00
1.490971657184067070e+08 2.000000000000000000e+00 2.000000000000000000e+00 2.000000000000000000e+00
1.885863278772649169e+08 2.000000000000000000e+00 2.000000000000000000e+00 2.000000000000000000e+00
2.385344006431422234e+08 2.000000000000000000e+00 2.000000000000000000e+00 4.329541903198407482e+00
3.017114810529301167e+08 2.000000000000000000e+00 2.000000000000000000e+00 6.405392704904351753e+00
3.816213407949356437e+08 2.000000000000000000e+00 2.000000000000000000e+00 6.367177708153134219e+00
4.826957437677861452e+08 2.000000000000000000e+00 6.149712250531416124e+00 6.517035486892455154e+00
6.105402296585323811e+08 2.000000000000000000e+00 6.157890574018547447e+00 6.621949373975701825e+00
7.722449945836263895e+08 2.356399686954617323e+00 6.323784730865343207e+00 6.722112074259917414e+00
9.767781100894875526e+08 5.910413351846856678e+00 6.440982804884651358e+00 6.812369166118678265e+00
1.235482888256746769e+09 6.075699144432769039e+00 6.545129210283564980e+00 6.897020191889000174e+00
1.562706976546997070e+09 6.196014976438743105e+00 6.636341043513943383e+00 6.980756114535662249e+00
1.976598071701631546e+09 6.318287181700144473e+00 6.725407378676493408e+00 7.048077624065340885e+00
2.500110382617930889e+09 6.424197863046171797e+00 6.808151513058653848e+00 7.110130139582501840e+00
3.162277660168384552e+09 6.528688074154482379e+00 6.886213535701944721e+00 7.170927852650325285e+00
3.999823395608931541e+09 6.622081504153770837e+00 6.951660586589230917e+00 7.230534112806187963e+00
5.059197488435828209e+09 6.701487694115134452e+00 7.015350242684466053e+00 7.290227679030520491e+00
6.399152336349278450e+09 6.780082381287281024e+00 7.074068438612036047e+00 7.349741227993380477e+00
8.094001216083123207e+09 6.847669330932903975e+00 7.135157098312500779e+00 7.408284117379273503e+00
1.023773966339586258e+10 6.920205666136235223e+00 7.193377074811391658e+00 7.470567843983949352e+00
1.294925842205265808e+10 6.978088822497634069e+00 7.259485154735155987e+00 7.523811491783900962e+00
1.637893706954064751e+10 7.049907801712780753e+00 7.312023606795879260e+00 7.583958490849118661e+00
2.071698399895303726e+10 7.092731991511521450e+00 7.350074207691188910e+00 7.641005798184448139e+00
2.620398528858348083e+10 7.140087290712353152e+00 7.395924964221703313e+00 7.685871904016037703e+00
3.314424749466429138e+10 7.196301431377193580e+00 7.434795896689272432e+00 7.708229929386096302e+00
4.192267435236911774e+10 7.244889558047745481e+00 7.515947966330664087e+00 7.787249450502697456e+00
5.302611335911986542e+10 7.346815033396064010e+00 7.539460477592924370e+00 7.821777522761653501e+00
6.707035611184292603e+10 7.383623537829494765e+00 7.597790952632113459e+00 7.801937796693257710e+00
8.483428982440713501e+10 7.414980321054780887e+00 7.576729056269501328e+00 7.804913039487331616e+00
1.073030940526156769e+11 7.438606054368936071e+00 7.670869196182488636e+00 7.949417468086135585e+00
