# # z=12 (mass : SMHM (16, 50, 84))
1.124657822119819641e+09 8.905472543297894283e-01 9.289556724757815909e-01 9.676144242403843521e-01
1.422529313485371590e+09 8.941406761127650427e-01 9.307197321163144244e-01 9.662123700133867787e-01
1.799293623291551113e+09 8.923165996901408770e-01 9.317971899417429871e-01 9.640611138361921961e-01
2.275845926074781418e+09 8.804960333736941980e-01 9.311479866845935316e-01 9.622531099083083683e-01
2.878615592354563713e+09 8.689442005971312888e-01 9.287292823152663024e-01 9.595692337417468520e-01
3.641031949310673237e+09 8.658327999808046460e-01 9.250371902538144786e-01 9.570704738699274960e-01
4.605378255822419167e+09 8.612186541002899709e-01 9.195297286326256092e-01 9.537430156502727518e-01
5.825136712468918800e+09 8.566154897879991736e-01 9.138972652350370041e-01 9.501497542476635694e-01
7.367954559661630630e+09 8.531934921078345724e-01 9.109223264463718328e-01 9.471542214633845713e-01
9.319395762340791702e+09 8.499350463472811201e-01 9.069382278592282853e-01 9.430763244235932374e-01
1.178768634793586349e+10 8.472515707876856483e-01 9.018410823276945543e-01 9.398444256800840835e-01
1.490971657184065056e+10 8.466805547077276284e-01 9.010375532254860653e-01 9.373611120534645069e-01
1.885863278772653198e+10 8.474345633271114231e-01 8.980677615661872837e-01 9.332698298746386900e-01
2.385344006431427383e+10 8.506136448095207303e-01 8.962586243590484614e-01 9.313255252670777917e-01
3.017114810529297256e+10 8.524108322283999728e-01 8.998876966977827907e-01 9.317761351905087253e-01
3.816213407949351501e+10 8.568183612582237485e-01 8.938064716664526621e-01 9.253985431096203307e-01
4.826957437677872467e+10 8.584632493327561953e-01 9.003923841443327580e-01 9.277550668070410067e-01
6.105402296585337830e+10 8.659552625963597983e-01 8.822724924177406391e-01 9.212857541468051359e-01
7.722449945836253357e+10 8.651871508401793864e-01 9.076587974034651118e-01 9.214514723898155069e-01
