# # z=4 (mass : SMHM (16, 50, 84))
1.124657822119819641e+09 4.733125953608637859e-01 6.397609239839568973e-01 8.923779290931156405e-01
1.422529313485371590e+09 5.573709457480233720e-01 7.417092024716768206e-01 9.652649099263255206e-01
1.799293623291551113e+09 6.317633109324967133e-01 8.020599090973448142e-01 9.992520494960130950e-01
2.275845926074781418e+09 6.847077780384479562e-01 8.328302234758943046e-01 1.012650436978347113e+00
2.878615592354563713e+09 7.180063211241725085e-01 8.486364931947827372e-01 1.013241161352216535e+00
3.641031949310673237e+09 7.391980603908737679e-01 8.583402571001218506e-01 1.013183629720029844e+00
4.605378255822419167e+09 7.551767744568300689e-01 8.669931178093163160e-01 1.014239479497434981e+00
5.825136712468918800e+09 7.708014777948988261e-01 8.770818768002867083e-01 1.017343945062695099e+00
7.367954559661630630e+09 7.899632454034138940e-01 8.897279093629580915e-01 1.022321548832060945e+00
9.319395762340791702e+09 8.095843932510833341e-01 9.025815715021057173e-01 1.027601830109763581e+00
1.178768634793586349e+10 8.263957042659011432e-01 9.145142295193076087e-01 1.033030172780641243e+00
1.490971657184065056e+10 8.431571492060925266e-01 9.256345807062116293e-01 1.037593492829106179e+00
1.885863278772653198e+10 8.594689932620908079e-01 9.360738965100215969e-01 1.040819730123518694e+00
2.385344006431427383e+10 8.744066500699205768e-01 9.455765866491256944e-01 1.043873383875552285e+00
3.017114810529297256e+10 8.874711222376485686e-01 9.541954959758133237e-01 1.046151031191653979e+00
3.816213407949351501e+10 8.992241198203727581e-01 9.616818448753468029e-01 1.047314025077185295e+00
4.826957437677872467e+10 9.090720227414594845e-01 9.676587395515520162e-01 1.047754398941775023e+00
6.105402296585337830e+10 9.159154879913439240e-01 9.723015746721626051e-01 1.046732993497727193e+00
7.722449945836253357e+10 9.207639139390896288e-01 9.752109570238899350e-01 1.044711320455328218e+00
9.767781100894862366e+10 9.226474886556994548e-01 9.764580611850058878e-01 1.042187775345280620e+00
1.235482888256744995e+11 9.209535691814437763e-01 9.758138161586346060e-01 1.037780151315122801e+00
1.562706976546994934e+11 9.169242276432189032e-01 9.730778901683011517e-01 1.032002244943491132e+00
1.976598071701636047e+11 9.114595409421017980e-01 9.699051347646377996e-01 1.026475721967110344e+00
2.500110382617936401e+11 9.049388881440727506e-01 9.648134428779387983e-01 1.020271406523401536e+00
3.162277660168380127e+11 8.972484919333951758e-01 9.588782549377318221e-01 1.013590827868249500e+00
3.999823395608926392e+11 8.905546073433064924e-01 9.533693471486789361e-01 1.005975924059713922e+00
5.059197488435822144e+11 8.823052682370493560e-01 9.462611445296333912e-01 9.979039111089997860e-01
6.399152336349270020e+11 8.733276622186468829e-01 9.371240475369815304e-01 9.893919373294859376e-01
8.094001216083140869e+11 8.660379656387156011e-01 9.315181660878838477e-01 9.834903683888432946e-01
1.023773966339584961e+12 8.596468564292040204e-01 9.261701384071274745e-01 9.764587459641093092e-01
1.294925842205263916e+12 8.529338747077493954e-01 9.196794141494885055e-01 9.685561915711849990e-01
1.637893706954062500e+12 8.492055384076815372e-01 9.147515957660701247e-01 9.647752207871024277e-01
2.071698399895308350e+12 8.401326059857797679e-01 9.108822899942413676e-01 9.600495647079994033e-01
2.620398528858354004e+12 8.478423458326607154e-01 9.099667284402848111e-01 9.493523231120784001e-01
3.314424749466424805e+12 8.339600709362730013e-01 8.977976351861082227e-01 9.456288859329323726e-01
4.192267435236905762e+12 8.451732859889984351e-01 9.021289710147644136e-01 9.394892496946665172e-01
5.302611335911979492e+12 8.312936754311778254e-01 8.922125301878205406e-01 9.314259903212510627e-01
6.707035611184307617e+12 8.421660449500433243e-01 9.036312164999362739e-01 9.281783249110627798e-01
8.483428982440732422e+12 8.460631905531991181e-01 8.941195525580809544e-01 9.271403965294298111e-01
1.073030940526158984e+13 8.523912632090762109e-01 8.769261339098312069e-01 9.247661726336486865e-01
1.357228782971654297e+13 8.343606323353716103e-01 8.721418263633088364e-01 9.228599624289578474e-01
