# # z=10 (mass : SMHM (16, 50, 84))
1.124657822119817138e+07 2.000000000000000000e+00 4.612810332198233887e+00 7.031061709648689373e+00
1.422529313485368341e+07 2.000000000000000000e+00 3.497563541684392874e+00 6.996752601244267566e+00
1.799293623291553557e+07 2.000000000000000000e+00 2.520256555114852581e+00 6.991606891054245487e+00
2.275845926074784249e+07 2.000000000000000000e+00 2.000000000000000000e+00 2.000000000000000000e+00
2.878615592354567349e+07 2.000000000000000000e+00 2.000000000000000000e+00 2.000000000000000000e+00
3.641031949310678244e+07 2.000000000000000000e+00 2.000000000000000000e+00 2.000000000000000000e+00
4.605378255822408944e+07 2.000000000000000000e+00 2.000000000000000000e+00 2.000000000000000000e+00
5.825136712468926609e+07 2.000000000000000000e+00 2.000000000000000000e+00 2.000000000000000000e+00
7.367954559661640227e+07 2.000000000000000000e+00 2.000000000000000000e+00 2.000000000000000000e+00
9.319395762340770662e+07 2.000000000000000000e+00 2.000000000000000000e+00 2.000000000000000000e+00
1.178768634793587923e+08 2.000000000000000000e+00 2.000000000000000000e+00 2.000000000000000000e+00
1.490971657184067070e+08 2.000000000000000000e+00 2.000000000000000000e+00 2.000000000000000000e+00
1.885863278772649169e+08 2.000000000000000000e+00 2.000000000000000000e+00 2.000000000000000000e+00
2.385344006431422234e+08 2.000000000000000000e+00 2.000000000000000000e+00 2.000000000000000000e+00
3.017114810529301167e+08 2.000000000000000000e+00 2.000000000000000000e+00 6.384433047541584472e+00
3.816213407949356437e+08 2.000000000000000000e+00 2.000000000000000000e+00 6.352133589861121088e+00
4.826957437677861452e+08 2.000000000000000000e+00 5.966414252510428895e+00 6.493624444488992786e+00
6.105402296585323811e+08 2.000000000000000000e+00 6.122128310723406130e+00 6.584852977777706506e+00
7.722449945836263895e+08 2.000000000000000000e+00 6.267152044790410770e+00 6.678708685078552421e+00
9.767781100894875526e+08 5.825050534671289526e+00 6.355883202142177169e+00 6.760518999842780374e+00
1.235482888256746769e+09 5.869755903899103622e+00 6.456783175945016495e+00 6.840447942670687453e+00
1.562706976546997070e+09 6.073463099251045882e+00 6.545506246293292918e+00 6.921798702765951994e+00
1.976598071701631546e+09 6.202895414048235523e+00 6.625777797653235268e+00 6.989917131124207650e+00
2.500110382617930889e+09 6.310235775085836885e+00 6.714045982350269171e+00 7.053441990494124347e+00
3.162277660168384552e+09 6.409525002109400127e+00 6.783407062913413554e+00 7.100640844360805559e+00
3.999823395608931541e+09 6.500075517896254595e+00 6.837078132230589134e+00 7.139522515829997751e+00
5.059197488435828209e+09 6.594511470291703148e+00 6.911829231164229981e+00 7.198681246575551640e+00
6.399152336349278450e+09 6.660144897608207160e+00 6.958154942599953152e+00 7.252455579958275500e+00
8.094001216083123207e+09 6.715612673419665057e+00 6.994087087186674268e+00 7.281501471990377894e+00
1.023773966339586258e+10 6.792658278389390958e+00 7.065780436990365843e+00 7.287619320211060625e+00
1.294925842205265808e+10 6.900480547200408488e+00 7.146629695745417621e+00 7.391910123287855683e+00
1.637893706954064751e+10 6.923519818852080121e+00 7.150906602371786214e+00 7.405044499028901939e+00
2.071698399895303726e+10 6.969718360330940499e+00 7.182200002294429453e+00 7.456434347577765465e+00
2.620398528858348083e+10 6.967601927895665348e+00 7.155868104849414379e+00 7.561099715361281781e+00
3.314424749466429138e+10 7.071762807095192116e+00 7.281325407598570720e+00 7.491565366088824618e+00
