# # z=6 (mass : SMHM (16, 50, 84))
1.124657822119819641e+09 8.547234401049396135e-01 9.354093407089457690e-01 1.021678431466802373e+00
1.422529313485371590e+09 8.707155552946619359e-01 9.494531347401271582e-01 1.030348291809135342e+00
1.799293623291551113e+09 8.708125118152102440e-01 9.550762213236441145e-01 1.033653998370461125e+00
2.275845926074781418e+09 8.598561067632924937e-01 9.544221917742513606e-01 1.031084752156917528e+00
2.878615592354563713e+09 8.543835196941014232e-01 9.476545860033563917e-01 1.024153312750430533e+00
3.641031949310673237e+09 8.494007268854939507e-01 9.383659810547868574e-01 1.016839302724182437e+00
4.605378255822419167e+09 8.427327922438553331e-01 9.291926791753463144e-01 1.009194027502845703e+00
5.825136712468918800e+09 8.369004730961681071e-01 9.218644062019010210e-01 1.002459582470901278e+00
7.367954559661630630e+09 8.361188701734175721e-01 9.177075752068863945e-01 9.967201631039723786e-01
9.319395762340791702e+09 8.376339893098156963e-01 9.160589300073851415e-01 9.921700098324147676e-01
1.178768634793586349e+10 8.358982702059706282e-01 9.150046709523685928e-01 9.887724421083282644e-01
1.490971657184065056e+10 8.375834992441060223e-01 9.139550157016215204e-01 9.859583885846459061e-01
1.885863278772653198e+10 8.424143231433401935e-01 9.140327234846872262e-01 9.843018245260261034e-01
2.385344006431427383e+10 8.487216218308072380e-01 9.161406475995232945e-01 9.833050415610961048e-01
3.017114810529297256e+10 8.554050030308717467e-01 9.186438110431565107e-01 9.826303810917874637e-01
3.816213407949351501e+10 8.619500799016297510e-01 9.217946467388606901e-01 9.822191226762517768e-01
4.826957437677872467e+10 8.689427321325884357e-01 9.259550808990043569e-01 9.826577242532442691e-01
6.105402296585337830e+10 8.737749033297771417e-01 9.292741710928431598e-01 9.830145352823087546e-01
7.722449945836253357e+10 8.787176170173368606e-01 9.326764492287803465e-01 9.837901039105285683e-01
9.767781100894862366e+10 8.810860308467098889e-01 9.347977749062662545e-01 9.839265471412952380e-01
1.235482888256744995e+11 8.827566991733074575e-01 9.358017098383247800e-01 9.826791039654381166e-01
1.562706976546994934e+11 8.868328485445298170e-01 9.381043699292078708e-01 9.827913410198394484e-01
1.976598071701636047e+11 8.854217319808103115e-01 9.370338370422817142e-01 9.823510106019722743e-01
2.500110382617936401e+11 8.853576331475138117e-01 9.364712657597307199e-01 9.793143676170360523e-01
3.162277660168380127e+11 8.887625817980074894e-01 9.374235412714285731e-01 9.784195801234003564e-01
3.999823395608926392e+11 8.886298712213637208e-01 9.381726851707383741e-01 9.755713638432649271e-01
5.059197488435822144e+11 8.834522648920858368e-01 9.345385768261562642e-01 9.698229877473628635e-01
6.399152336349270020e+11 8.874212639317082818e-01 9.381067418243768108e-01 9.747413603963929196e-01
8.094001216083140869e+11 8.797823502841318755e-01 9.321540273545366739e-01 9.720489094196991253e-01
1.023773966339584961e+12 8.834121978405489184e-01 9.341468508432881901e-01 9.659123459950624824e-01
1.294925842205263916e+12 8.919049276566977102e-01 9.364845841555659023e-01 9.664039527687604547e-01
1.637893706954062500e+12 9.069184490523727327e-01 9.329290252190259869e-01 9.549488397383514293e-01
2.071698399895308350e+12 8.926653984370485073e-01 9.381571078909906047e-01 9.531724401056351770e-01
2.620398528858354004e+12 9.106163944653828946e-01 9.247538142263828087e-01 9.465986978258628115e-01
