# # z=3 (mass : SMHM (16, 50, 84))
1.124657822119817138e+07 2.000000000000000000e+00 2.000000000000000000e+00 2.000000000000000000e+00
1.422529313485368341e+07 2.000000000000000000e+00 2.000000000000000000e+00 2.000000000000000000e+00
1.799293623291553557e+07 2.000000000000000000e+00 2.000000000000000000e+00 2.000000000000000000e+00
2.275845926074784249e+07 2.000000000000000000e+00 2.000000000000000000e+00 2.002573938649243601e+00
2.878615592354567349e+07 2.000000000000000000e+00 2.000000000000000000e+00 6.107940668238074799e+00
3.641031949310678244e+07 2.000000000000000000e+00 2.000000000000000000e+00 6.726168020981237561e+00
4.605378255822408944e+07 2.000000000000000000e+00 2.000000000000000000e+00 6.506289841809124397e+00
5.825136712468926609e+07 2.000000000000000000e+00 2.000000000000000000e+00 6.446967107413049014e+00
7.367954559661640227e+07 2.000000000000000000e+00 2.000000000000000000e+00 6.356161403788336273e+00
9.319395762340770662e+07 2.000000000000000000e+00 2.000000000000000000e+00 6.077031398228597503e+00
1.178768634793587923e+08 2.000000000000000000e+00 2.000000000000000000e+00 6.078055219939688669e+00
1.490971657184067070e+08 2.000000000000000000e+00 2.000000000000000000e+00 6.129443344843882535e+00
1.885863278772649169e+08 2.000000000000000000e+00 2.000000000000000000e+00 6.292415643543591841e+00
2.385344006431422234e+08 2.000000000000000000e+00 2.000000000000000000e+00 6.438248940436439582e+00
3.017114810529301167e+08 2.000000000000000000e+00 5.854098269421771583e+00 6.491289940230008604e+00
3.816213407949356437e+08 2.000000000000000000e+00 6.188128883251824419e+00 6.596280698412551935e+00
4.826957437677861452e+08 2.000000000000000000e+00 6.303369445381051150e+00 6.688274028114197023e+00
6.105402296585323811e+08 5.907346290905610253e+00 6.445464407342011981e+00 6.780789631921750882e+00
7.722449945836263895e+08 6.052513190693555423e+00 6.562729089515912051e+00 6.869715114465570593e+00
9.767781100894875526e+08 6.244018490615397710e+00 6.668591473961257066e+00 6.960766615021260151e+00
1.235482888256746769e+09 6.389837401761483626e+00 6.769557145685038968e+00 7.051901900269003320e+00
1.562706976546997070e+09 6.512665554585622019e+00 6.871412598742777433e+00 7.141809040105647099e+00
1.976598071701631546e+09 6.626871952368709628e+00 6.968927681087502712e+00 7.228847904996250406e+00
2.500110382617930889e+09 6.736329841308434929e+00 7.060302264241530068e+00 7.312555805904715100e+00
3.162277660168384552e+09 6.838562881503714053e+00 7.150507763712329989e+00 7.394512249032874962e+00
3.999823395608931541e+09 6.935059829056422487e+00 7.236135594288768402e+00 7.473035933024734234e+00
5.059197488435828209e+09 7.028787362502399994e+00 7.319564992021113881e+00 7.549124788625391602e+00
6.399152336349278450e+09 7.119552698595104090e+00 7.400597570403117054e+00 7.625800887431202213e+00
8.094001216083123207e+09 7.206102368458337182e+00 7.478450482060207349e+00 7.700459402983139690e+00
1.023773966339586258e+10 7.291143651674021342e+00 7.555900687585808129e+00 7.772828960033129952e+00
1.294925842205265808e+10 7.372129473265797373e+00 7.632486635110317330e+00 7.844791622296902744e+00
1.637893706954064751e+10 7.449601590454908440e+00 7.700648874433002611e+00 7.912724960075162350e+00
2.071698399895303726e+10 7.525710409800693945e+00 7.767897543475653421e+00 7.979455384802103701e+00
2.620398528858348083e+10 7.593930131457886645e+00 7.830900675558301494e+00 8.037186096102191257e+00
3.314424749466429138e+10 7.662790698331443551e+00 7.890028851751820227e+00 8.095442805737709691e+00
4.192267435236911774e+10 7.726333292419219845e+00 7.946660491827492123e+00 8.145004183261391972e+00
5.302611335911986542e+10 7.782641896552323857e+00 7.994868377471833654e+00 8.188420899143487475e+00
6.707035611184292603e+10 7.839183341994479193e+00 8.046142184831079902e+00 8.231629426108177938e+00
8.483428982440713501e+10 7.890564908013629974e+00 8.086727957950810008e+00 8.264409299340771398e+00
1.073030940526156769e+11 7.940739654019019156e+00 8.125604066350771149e+00 8.294327608415427378e+00
1.357228782971656036e+11 7.988829458888590196e+00 8.164364718906334417e+00 8.321464584306220047e+00
1.716697906607859802e+11 8.035553816428608442e+00 8.197996641100806059e+00 8.346851801141241367e+00
2.171374302937512817e+11 8.071874478209497994e+00 8.230340602642407077e+00 8.362473945791348839e+00
2.746474114816058655e+11 8.108977921315595694e+00 8.257082238923246109e+00 8.384817386207616963e+00
3.473892112083115234e+11 8.142286829609084009e+00 8.274456792946249806e+00 8.395680685330260573e+00
4.393970560760797729e+11 8.184235165318938243e+00 8.301038564920506957e+00 8.408734375378593029e+00
5.557736586486893311e+11 8.196589978622814243e+00 8.310664258159519591e+00 8.412220384414931473e+00
7.029732115325477295e+11 8.221855837665010824e+00 8.324082601594213315e+00 8.432553755811181162e+00
8.891593339164625244e+11 8.258844408721238040e+00 8.343139999279177488e+00 8.442566388866273641e+00
