# # z=3 (mass : SMHM (16, 50, 84))
1.124657822119819641e+09 2.482437952459158326e-01 3.683999566258431835e-01 6.582610798099339799e-01
1.422529313485371590e+09 3.148927927198760801e-01 4.852751287735239116e-01 8.058899587760299799e-01
1.799293623291551113e+09 4.026019742271816360e-01 6.131401506645443034e-01 8.954568208116546746e-01
2.275845926074781418e+09 4.948919102225801114e-01 6.902078878188462330e-01 9.352737601517091548e-01
2.878615592354563713e+09 5.628846045241493457e-01 7.313826880921512341e-01 9.544222301709686107e-01
3.641031949310673237e+09 6.088712977589376685e-01 7.599253356091418832e-01 9.698538209786049524e-01
4.605378255822419167e+09 6.456410825554741439e-01 7.869556336595384671e-01 9.874588325294390012e-01
5.825136712468918800e+09 6.830713825661726135e-01 8.167316728137977710e-01 1.008164563366694244e+00
7.367954559661630630e+09 7.228181629429472066e-01 8.487190204829068163e-01 1.028469262596354294e+00
9.319395762340791702e+09 7.630269364702307877e-01 8.794430231787262464e-01 1.047364770821537672e+00
1.178768634793586349e+10 7.984686145003238034e-01 9.056774475812592318e-01 1.061834894516092698e+00
1.490971657184065056e+10 8.300705137765457264e-01 9.287821210051286913e-01 1.072658652300175319e+00
1.885863278772653198e+10 8.574086659572220936e-01 9.474361730200855369e-01 1.081400914772251642e+00
2.385344006431427383e+10 8.807854549002690492e-01 9.635492126417433134e-01 1.087876626543033520e+00
3.017114810529297256e+10 9.008822908421909581e-01 9.771958653004444439e-01 1.091727882084309931e+00
3.816213407949351501e+10 9.178719886236759162e-01 9.882001601529439849e-01 1.094173604568161151e+00
4.826957437677872467e+10 9.316277124231954199e-01 9.966793837865610683e-01 1.094203566007246220e+00
6.105402296585337830e+10 9.413682434473192862e-01 1.002128647734297218e+00 1.092953917523843632e+00
7.722449945836253357e+10 9.477663918877261562e-01 1.005693379934818221e+00 1.089501625109723149e+00
9.767781100894862366e+10 9.496151265421804988e-01 1.005674689393096566e+00 1.083729147011646576e+00
1.235482888256744995e+11 9.482609457501449679e-01 1.003510817900245211e+00 1.076780126263638726e+00
1.562706976546994934e+11 9.432204729703473900e-01 9.992474858752979916e-01 1.068677461067903289e+00
1.976598071701636047e+11 9.349168802895245767e-01 9.925141765473358690e-01 1.058176730483396666e+00
2.500110382617936401e+11 9.249226774235116411e-01 9.843224397564626083e-01 1.048197596217903316e+00
3.162277660168380127e+11 9.128371620874221604e-01 9.759415791115644279e-01 1.037273463780228111e+00
3.999823395608926392e+11 9.010090751108059681e-01 9.657384443438393751e-01 1.026566874822339770e+00
5.059197488435822144e+11 8.893103528295116522e-01 9.548844714638182740e-01 1.013578858657369519e+00
6.399152336349270020e+11 8.773145606560697196e-01 9.440851206019806874e-01 1.002828492630077672e+00
8.094001216083140869e+11 8.676750051509654060e-01 9.354564263272060476e-01 9.927577591836252990e-01
1.023773966339584961e+12 8.609117917290424193e-01 9.260604554266147481e-01 9.817178514468780648e-01
1.294925842205263916e+12 8.532393844471390931e-01 9.179317695261670629e-01 9.706904445224441291e-01
1.637893706954062500e+12 8.466176231166058219e-01 9.081498557873084465e-01 9.601086236596504397e-01
2.071698399895308350e+12 8.450529486097700937e-01 9.025067197144636122e-01 9.522390285025406076e-01
2.620398528858354004e+12 8.419902559417531407e-01 9.003287655832135084e-01 9.463747278290757237e-01
3.314424749466424805e+12 8.379432977037301056e-01 8.964086846014674981e-01 9.374151326632360615e-01
4.192267435236905762e+12 8.400069103736027554e-01 8.975401328832702808e-01 9.315422250985628816e-01
5.302611335911979492e+12 8.358336170920492858e-01 8.906480393913355220e-01 9.280953308810966362e-01
6.707035611184307617e+12 8.341639060605007261e-01 8.868596505729045010e-01 9.202083045660787164e-01
8.483428982440732422e+12 8.284227777835249107e-01 8.836481065445017657e-01 9.181934456449084569e-01
1.073030940526158984e+13 8.366780629714904993e-01 8.870908760852265207e-01 9.177636869150420651e-01
1.357228782971654297e+13 8.420262313128712428e-01 8.831899138297100160e-01 9.169483659743525861e-01
1.716697906607857617e+13 8.224015392140757719e-01 8.924522270884375219e-01 9.232468335531849313e-01
2.171374302937517578e+13 8.242852250400389824e-01 8.815956018734193433e-01 9.112020508746073721e-01
2.746474114816054688e+13 8.692379792643690761e-01 8.856516526815723100e-01 9.117488380814764426e-01
3.473892112083123047e+13 8.613488193672962367e-01 8.872823150562291206e-01 9.009842012322005766e-01
