# # z=4 (mass : SMHM (16, 50, 84))
1.124657822119817138e+07 2.000000000000000000e+00 2.000000000000000000e+00 2.000000000000000000e+00
1.422529313485368341e+07 2.000000000000000000e+00 2.000000000000000000e+00 2.000000000000000000e+00
1.799293623291553557e+07 2.000000000000000000e+00 2.000000000000000000e+00 2.000000000000000000e+00
2.275845926074784249e+07 2.000000000000000000e+00 2.000000000000000000e+00 2.000000000000000000e+00
2.878615592354567349e+07 2.000000000000000000e+00 2.000000000000000000e+00 2.000000000000000000e+00
3.641031949310678244e+07 2.000000000000000000e+00 2.000000000000000000e+00 2.731568939598878920e+00
4.605378255822408944e+07 2.000000000000000000e+00 2.000000000000000000e+00 4.225186459265967365e+00
5.825136712468926609e+07 2.000000000000000000e+00 2.000000000000000000e+00 4.952522924525838199e+00
7.367954559661640227e+07 2.000000000000000000e+00 2.000000000000000000e+00 4.490775115485874380e+00
9.319395762340770662e+07 2.000000000000000000e+00 2.000000000000000000e+00 2.688511312646498119e+00
1.178768634793587923e+08 2.000000000000000000e+00 2.000000000000000000e+00 3.250537439769927595e+00
1.490971657184067070e+08 2.000000000000000000e+00 2.000000000000000000e+00 4.654945775732238111e+00
1.885863278772649169e+08 2.000000000000000000e+00 2.000000000000000000e+00 6.106973077955941243e+00
2.385344006431422234e+08 2.000000000000000000e+00 2.000000000000000000e+00 6.426242822474113936e+00
3.017114810529301167e+08 2.000000000000000000e+00 2.000000000000000000e+00 6.442985497866123623e+00
3.816213407949356437e+08 2.000000000000000000e+00 6.161653041729283409e+00 6.554829808382720557e+00
4.826957437677861452e+08 2.000000000000000000e+00 6.240019004365508160e+00 6.643338175499502007e+00
6.105402296585323811e+08 5.655459995621976432e+00 6.399675379891448301e+00 6.735442016903643747e+00
7.722449945836263895e+08 6.009090467325929552e+00 6.511194344714565041e+00 6.823911411488540857e+00
9.767781100894875526e+08 6.186700685248606391e+00 6.615237003885215294e+00 6.911385976107554896e+00
1.235482888256746769e+09 6.317850658295138366e+00 6.712107461229773087e+00 7.000526325192648613e+00
1.562706976546997070e+09 6.442513920935803107e+00 6.808635471329121280e+00 7.084403496903433073e+00
1.976598071701631546e+09 6.553556371996529961e+00 6.901276630537237722e+00 7.165485558978153868e+00
2.500110382617930889e+09 6.660281586434797063e+00 6.988853380465497089e+00 7.246512126193942471e+00
3.162277660168384552e+09 6.761334624451892594e+00 7.075482050057946282e+00 7.325432295282080730e+00
3.999823395608931541e+09 6.856298899798213498e+00 7.159165310715177810e+00 7.403246908514315550e+00
5.059197488435828209e+09 6.944972894752354797e+00 7.239372361660784350e+00 7.478484687579757484e+00
6.399152336349278450e+09 7.034482517480480368e+00 7.321387554841218837e+00 7.554360046464543288e+00
8.094001216083123207e+09 7.119090468647746306e+00 7.398247237274776289e+00 7.626146617996400146e+00
1.023773966339586258e+10 7.200479202274324919e+00 7.473017447583941042e+00 7.698543847416172703e+00
1.294925842205265808e+10 7.278465910870854927e+00 7.545106816384313575e+00 7.768532233745581550e+00
1.637893706954064751e+10 7.357930604144250708e+00 7.616718144437931493e+00 7.838043813937285442e+00
2.071698399895303726e+10 7.427891191694243389e+00 7.682742780239618874e+00 7.901413236373592497e+00
2.620398528858348083e+10 7.498852069727939273e+00 7.745199822598882733e+00 7.961388289034255550e+00
3.314424749466429138e+10 7.565128445547518510e+00 7.803391610198982420e+00 8.017745710585931107e+00
4.192267435236911774e+10 7.625934669917707964e+00 7.861181627660289273e+00 8.074926376776362602e+00
5.302611335911986542e+10 7.690317648213408575e+00 7.911849667129494890e+00 8.121484780634004252e+00
6.707035611184292603e+10 7.734707416701745331e+00 7.961249991423855477e+00 8.170670138202517307e+00
8.483428982440713501e+10 7.794977711176283464e+00 8.016365362694264363e+00 8.215151618857293059e+00
1.073030940526156769e+11 7.848522199401251065e+00 8.055584030390480876e+00 8.253131192674626249e+00
1.357228782971656036e+11 7.892423671170812227e+00 8.085809062869437014e+00 8.283647918153880241e+00
1.716697906607859802e+11 7.940058920278340260e+00 8.125678759210479996e+00 8.304145310079187325e+00
2.171374302937512817e+11 7.982298451122687766e+00 8.158532688348907769e+00 8.326953002344184895e+00
2.746474114816058655e+11 8.015036740058191000e+00 8.189519165966572700e+00 8.354094773018418962e+00
3.473892112083115234e+11 8.057936043229666723e+00 8.214058505506855568e+00 8.364457370066336495e+00
4.393970560760797729e+11 8.095203754466773205e+00 8.241562884566345559e+00 8.388813648252044786e+00
5.557736586486893311e+11 8.135438557141480231e+00 8.280319887895622344e+00 8.393601411632348075e+00
7.029732115325477295e+11 8.171732707603830193e+00 8.286358937213424980e+00 8.390235840047827409e+00
8.891593339164625244e+11 8.173283031686473521e+00 8.299003979520039209e+00 8.452084315053120633e+00
