# # z=10 (mass : SMHM (16, 50, 84))
1.124657822119819641e+09 9.071439393310497534e-01 9.476545222693830706e-01 9.946752322558525261e-01
1.422529313485371590e+09 9.105028531116947654e-01 9.507661858661698995e-01 9.907425922129405871e-01
1.799293623291551113e+09 9.070335814706058652e-01 9.505692810087585931e-01 9.890318371061797009e-01
2.275845926074781418e+09 8.870807996899749970e-01 9.492290603264117443e-01 9.867781732080490587e-01
2.878615592354563713e+09 8.738643219539116158e-01 9.451491747284932465e-01 9.833257015315768346e-01
3.641031949310673237e+09 8.692696293278838748e-01 9.382093032592133675e-01 9.788898358066494554e-01
4.605378255822419167e+09 8.623718765204124725e-01 9.297750376074966905e-01 9.743539091653171669e-01
5.825136712468918800e+09 8.559449138353032449e-01 9.225605334453550466e-01 9.693882077781820206e-01
7.367954559661630630e+09 8.499127245213113913e-01 9.170582133292800586e-01 9.645968872973631481e-01
9.319395762340791702e+09 8.427882884200689206e-01 9.109060338291034009e-01 9.591263624246754160e-01
1.178768634793586349e+10 8.378370180385954491e-01 9.054355745587424620e-01 9.539251539626141252e-01
1.490971657184065056e+10 8.358136837686801490e-01 9.020992664777749415e-01 9.500060374394077023e-01
1.885863278772653198e+10 8.349557483048141160e-01 8.985264262200003405e-01 9.464885312566105879e-01
2.385344006431427383e+10 8.380087919543582897e-01 8.969810229205112950e-01 9.405263599147655196e-01
3.017114810529297256e+10 8.422378131253045463e-01 8.973135515576530219e-01 9.400505640371684679e-01
3.816213407949351501e+10 8.490454305777368482e-01 8.975331372079754511e-01 9.372056444556814414e-01
4.826957437677872467e+10 8.524421488909810218e-01 8.986978542655369440e-01 9.365802616797224145e-01
6.105402296585337830e+10 8.632184992672766732e-01 9.038963774893078451e-01 9.374453925945012145e-01
7.722449945836253357e+10 8.687048758684075001e-01 9.005415792801602093e-01 9.351303917908362351e-01
9.767781100894862366e+10 8.668015238944711820e-01 9.004407263817582052e-01 9.309740769727898879e-01
1.235482888256744995e+11 8.701827529394741134e-01 9.017864493990833674e-01 9.336743851120246074e-01
1.562706976546994934e+11 8.679641938654623079e-01 9.094784336026827676e-01 9.344183339366871621e-01
1.976598071701636047e+11 8.851834200124931717e-01 9.105156194169765627e-01 9.422790542764383215e-01
2.500110382617936401e+11 9.016771715095637241e-01 9.051030239406286926e-01 9.298678557881507878e-01
