# # z=12 (mass : SMHM (16, 50, 84))
1.124657822119819641e+09 5.832694892463029472e-06 4.099146668731470960e-05 1.889516118010715830e-04
1.422529313485371590e+09 1.271596342248216374e-05 7.530635233796019966e-05 3.851231906351204473e-04
1.799293623291551113e+09 2.383468184786176428e-05 1.341911162152889959e-04 2.938488006427668244e-03
2.275845926074781418e+09 4.205201094009681351e-05 2.490580978612014283e-04 4.059522313478051113e-03
2.878615592354563713e+09 7.145679580285327706e-05 5.856610992164770638e-04 4.203101087144010643e-03
3.641031949310673237e+09 1.230529487209602315e-04 2.177690237390304817e-03 5.579218349503502900e-03
4.605378255822419167e+09 2.167976908524115647e-04 2.428098878972079211e-03 7.022762924936584022e-03
5.825136712468918800e+09 6.049173385153916709e-04 3.294427769418927388e-03 8.525616574276723147e-03
7.367954559661630630e+09 1.301309820235951051e-03 4.132527435297664656e-03 1.019454359832662124e-02
9.319395762340791702e+09 1.790042328228410315e-03 5.025788998521375610e-03 1.192386347998971446e-02
1.178768634793586349e+10 2.330496565383461879e-03 6.325593500657647299e-03 1.439475902875303644e-02
1.490971657184065056e+10 2.821734710405656831e-03 7.164381400559890860e-03 1.663392591939047427e-02
1.885863278772653198e+10 3.724799588795934310e-03 8.754640937874428458e-03 1.908693516046785360e-02
2.385344006431427383e+10 4.603703361725983156e-03 1.025532031637906363e-02 2.130470248168242139e-02
3.017114810529297256e+10 5.049460575167760180e-03 1.065861710469375757e-02 2.321016566339330345e-02
3.816213407949351501e+10 6.656979208766313633e-03 1.293556243715593933e-02 2.507944648596839229e-02
4.826957437677872467e+10 7.737865628575386207e-03 1.321445347084740027e-02 3.335752198090928544e-02
6.105402296585337830e+10 9.524604910602944494e-03 2.053732311994325641e-02 3.138379877066757584e-02
7.722449945836253357e+10 1.148080069678606395e-02 2.045226836821338948e-02 3.673230187173504718e-02
