# # z=5 (mass : SMHM (16, 50, 84))
1.124657822119819641e+09 6.958707322706776388e-01 8.357660028560937038e-01 9.855694598818773855e-01
1.422529313485371590e+09 7.465941992320435094e-01 8.787173950153437385e-01 1.012119883113690832e+00
1.799293623291551113e+09 7.768828233581885900e-01 9.006820317797148423e-01 1.026245889430789981e+00
2.275845926074781418e+09 7.941516104734417381e-01 9.089818007453808191e-01 1.027909224382767883e+00
2.878615592354563713e+09 8.041449043261990060e-01 9.098396445127094889e-01 1.023429813223485363e+00
3.641031949310673237e+09 8.082897649920554040e-01 9.075695175118768665e-01 1.017544815526406410e+00
4.605378255822419167e+09 8.101217665465848539e-01 9.054255298597978507e-01 1.012650406635903444e+00
5.825136712468918800e+09 8.124584462543029684e-01 9.046210486752433999e-01 1.008336008411946372e+00
7.367954559661630630e+09 8.193566788973921655e-01 9.069372965734932013e-01 1.006828756818345605e+00
9.319395762340791702e+09 8.278149752748028556e-01 9.107099351527020437e-01 1.006513687230634391e+00
1.178768634793586349e+10 8.336530925912514212e-01 9.144179427518190906e-01 1.005855012414645033e+00
1.490971657184065056e+10 8.419818088378032694e-01 9.190047223267133747e-01 1.006719944817237034e+00
1.885863278772653198e+10 8.518724525199851128e-01 9.234450494019703637e-01 1.006860488491827743e+00
2.385344006431427383e+10 8.612900487242020064e-01 9.291163500756385307e-01 1.008194457185393134e+00
3.017114810529297256e+10 8.712082821473708938e-01 9.346174982629463779e-01 1.009571644062742024e+00
3.816213407949351501e+10 8.800068672063751096e-01 9.402870056994175885e-01 1.010071037726905763e+00
4.826957437677872467e+10 8.875678728004109397e-01 9.450846331926651134e-01 1.011275802633914811e+00
6.105402296585337830e+10 8.942488496659277697e-01 9.491249195552367013e-01 1.011539037641526306e+00
7.722449945836253357e+10 8.986414162173316234e-01 9.519143115235566555e-01 1.010968034271571447e+00
9.767781100894862366e+10 9.012882173386080886e-01 9.532632080317401391e-01 1.009642441479774888e+00
1.235482888256744995e+11 9.020263837529541862e-01 9.555609705685247368e-01 1.009256953409169766e+00
1.562706976546994934e+11 9.000420029247988563e-01 9.538425147800512205e-01 1.005469468798585231e+00
1.976598071701636047e+11 8.983690065719032170e-01 9.529530769314984440e-01 1.002525070673111918e+00
2.500110382617936401e+11 8.954738171914508049e-01 9.501541024018859138e-01 9.981998202508441942e-01
3.162277660168380127e+11 8.930163451441103240e-01 9.467193978206662752e-01 9.936015825555560843e-01
3.999823395608926392e+11 8.875021010905179697e-01 9.445116906694961401e-01 9.910526895484145227e-01
5.059197488435822144e+11 8.819707290895670848e-01 9.399748502854349264e-01 9.846550995381696536e-01
6.399152336349270020e+11 8.802027089496294865e-01 9.381601642469237223e-01 9.804572268113691536e-01
8.094001216083140869e+11 8.720022442008646957e-01 9.317724269698990369e-01 9.759089880782962911e-01
1.023773966339584961e+12 8.715501285951361421e-01 9.326283763568552487e-01 9.739683028427106315e-01
1.294925842205263916e+12 8.653497693465306284e-01 9.229991647882773709e-01 9.654752025142613325e-01
1.637893706954062500e+12 8.732585088998585654e-01 9.319102975516241338e-01 9.691367321820705261e-01
2.071698399895308350e+12 8.731212160622343621e-01 9.252669286611090449e-01 9.546679313085779661e-01
2.620398528858354004e+12 8.748365016038485154e-01 9.285389383738515967e-01 9.596064178305399039e-01
3.314424749466424805e+12 8.544182681533736279e-01 9.082711786422853484e-01 9.474972475551818318e-01
4.192267435236905762e+12 8.773739543148109110e-01 9.281770116185652508e-01 9.496748631753404446e-01
5.302611335911979492e+12 8.780423552960371358e-01 9.285989887947982968e-01 9.570813030131606336e-01
