# # M* = $M_* = 10^8 M_\odot$ (redshift : sSFR 16, 50, 84 percentiles)
1.200000000000000000e+01 1.553749329404859978e-08 1.937714937798947172e-08 2.639981181169532244e-08
1.000000000000000000e+01 1.149757917833430142e-08 1.548763471537607706e-08 2.189373627083379790e-08
9.000000000000000000e+00 9.193500692555353768e-09 1.243466781738827466e-08 1.736123287380431716e-08
8.000000000000000000e+00 7.281040975957480807e-09 1.004762341810928393e-08 1.426543786319377442e-08
7.000000000000000000e+00 5.835173309223917936e-09 8.220812630379133889e-09 1.201217168761814064e-08
6.000000000000000000e+00 4.343438388193974909e-09 6.222605066881490256e-09 9.388240452774582953e-09
5.000000000000000000e+00 4.060832226381500617e-09 5.789249136954296929e-09 8.633588968207626921e-09
4.530000000000000249e+00 2.433553676213861152e-09 3.551359290840299664e-09 5.465932443569458130e-09
4.000000000000000000e+00 2.064063916828822479e-09 3.021847727946764304e-09 4.639520954906682380e-09
3.500000000000000000e+00 1.752921774463354510e-09 2.538720081224836568e-09 3.816135670508734235e-09
3.000000000000000000e+00 1.397933801232726506e-09 2.047778127857108675e-09 3.056174184295478417e-09
