# # M* = $M_* = 10^7 M_\odot$ (redshift : sSFR 16, 50, 84 percentiles)
1.200000000000000000e+01 1.295907637559121697e-08 2.105984532720307188e-08 3.381191325774702448e-08
1.000000000000000000e+01 9.257468654297808227e-09 1.541576886840044129e-08 2.602571445395131279e-08
9.000000000000000000e+00 6.975237984795264129e-09 1.187629939652859040e-08 2.041878198479210814e-08
8.000000000000000000e+00 5.087744796044955356e-09 8.985551360576837827e-09 1.605888080647528576e-08
7.000000000000000000e+00 3.866848893367627593e-09 7.021917630018033854e-09 1.280062621884990585e-08
6.000000000000000000e+00 2.865128582823310835e-09 5.352932918109081479e-09 9.869938280424087775e-09
5.000000000000000000e+00 2.477000321891337103e-09 4.771071345187417456e-09 8.738225224252395458e-09
4.530000000000000249e+00 1.595115562765647193e-09 3.190770020277800565e-09 6.002879710280247557e-09
4.000000000000000000e+00 1.262254875725693164e-09 2.577141514664697254e-09 4.859134104754298754e-09
3.500000000000000000e+00 1.070548367452166426e-09 2.204022858983449132e-09 4.140225391685068052e-09
3.000000000000000000e+00 8.298321834079788604e-10 1.770170993303338708e-09 3.348502169535454247e-09
