# # M* = $M_* = 10^{9} M_\odot$ (redshift : sSFR 16, 50, 84 percentiles)
1.000000000000000000e+01 1.422624992404113072e-08 1.749197811944186786e-08 2.030700166998126485e-08
9.000000000000000000e+00 1.092027891566606866e-08 1.410961077030394995e-08 1.814137018840053131e-08
8.000000000000000000e+00 8.666680551121571575e-09 1.104184218940814238e-08 1.459873531092177242e-08
7.000000000000000000e+00 6.684039276077281344e-09 9.018473679027494544e-09 1.235205318139670880e-08
6.000000000000000000e+00 4.870145606502545402e-09 6.630687396931213260e-09 9.564655288548166754e-09
5.000000000000000000e+00 4.594878610564305891e-09 6.162272621599464296e-09 8.605147697595156724e-09
4.530000000000000249e+00 2.800833679126898445e-09 3.789686361210922404e-09 5.430417490254658859e-09
4.000000000000000000e+00 2.340994871823748976e-09 3.183592281006428984e-09 4.599209610596690873e-09
3.500000000000000000e+00 1.912568424064490634e-09 2.551292467719167983e-09 3.616921076730559746e-09
3.000000000000000000e+00 1.652681935848068537e-09 2.151472553120575465e-09 2.970295799656197966e-09
