# # M* = $M_* = 4\times 10^6 M_\odot$ (redshift : sSFR 16, 50, 84 percentiles)
1.200000000000000000e+01 9.906754931714286923e-09 1.876590473640668225e-08 3.287259295654950465e-08
1.000000000000000000e+01 7.200605139539138262e-09 1.465385227291391224e-08 2.766465418358978437e-08
9.000000000000000000e+00 5.205557486256677010e-09 1.098856062078411616e-08 2.136487459263119995e-08
8.000000000000000000e+00 3.973533306627052444e-09 8.640334920479436033e-09 1.743247975422743234e-08
7.000000000000000000e+00 2.980482136320151025e-09 6.747608208859904526e-09 1.394492949537585936e-08
6.000000000000000000e+00 2.163773866917922078e-09 5.120142653328040094e-09 1.081716604981844147e-08
5.000000000000000000e+00 1.742012372528079304e-09 4.369996557156019035e-09 9.350031260612418108e-09
4.530000000000000249e+00 1.159192376016139826e-09 3.024582455295200691e-09 6.641633748955434568e-09
4.000000000000000000e+00 8.351165949088369801e-10 2.286115747974078602e-09 5.123924059598219057e-09
3.500000000000000000e+00 6.771989324041728313e-10 1.939683077996028134e-09 4.367868214417995455e-09
3.000000000000000000e+00 4.863331251458555975e-10 1.484733079060086013e-09 3.454747505727446451e-09
