# # z=10 (mass : SMHM (16, 50, 84))
2.878615592354563713e+09 0.000000000000000000e+00 6.884299976267656534e-04 1.574964449442655279e-03
3.641031949310673237e+09 0.000000000000000000e+00 6.846405808200763110e-04 1.900360367792076986e-03
4.605378255822419167e+09 0.000000000000000000e+00 1.007377351422695686e-03 2.343383193343313679e-03
5.825136712468918800e+09 3.841666500337640876e-04 1.255149937048804978e-03 2.887510829874137541e-03
7.367954559661630630e+09 4.374702804195318580e-04 1.575588757413506858e-03 3.526821404486528769e-03
9.319395762340791702e+09 7.272625821559914943e-04 1.983039579709997696e-03 4.363906552917370604e-03
1.178768634793586349e+10 9.504276790710280325e-04 2.492355001507405663e-03 5.360884195612347289e-03
1.490971657184065056e+10 1.215626468190724287e-03 3.015254463238116467e-03 6.287394328869225224e-03
1.885863278772653198e+10 1.519210698859645072e-03 3.594256555207177208e-03 7.171483033844090922e-03
2.385344006431427383e+10 1.926623348287024792e-03 4.193260324177235272e-03 8.088171779458225297e-03
3.017114810529297256e+10 2.330762263275479654e-03 4.743636122900593208e-03 9.125524763443297604e-03
3.816213407949351501e+10 2.731743891090328714e-03 5.384260500352023790e-03 1.018002910062528951e-02
4.826957437677872467e+10 3.105909174286986332e-03 5.992401181301857706e-03 1.154778813434355345e-02
6.105402296585337830e+10 3.594067329818777159e-03 6.637522670992788108e-03 1.224093816837298898e-02
7.722449945836253357e+10 4.079980548551392222e-03 7.692725394544257592e-03 1.288196344850973257e-02
9.767781100894862366e+10 5.505168214039921591e-03 9.080747141128588107e-03 1.590555319457695460e-02
1.235482888256744995e+11 5.105435828073590782e-03 1.023397379705102798e-02 1.666772120444974525e-02
1.562706976546994934e+11 5.312264468327813731e-03 8.998065509876581464e-03 2.179251675675954181e-02
1.976598071701636047e+11 6.402439698275046512e-03 9.329036976709897608e-03 2.485121465633242238e-02
2.500110382617936401e+11 1.038956917898864636e-02 1.647608049493586024e-02 2.121991525331242898e-02
