# # z=12 (mass : SMHM (16, 50, 84))
2.878615592354563713e+09 0.000000000000000000e+00 7.450235653830776343e-04 1.725767161822739249e-03
3.641031949310673237e+09 0.000000000000000000e+00 7.268384243232219001e-04 2.039012206309179145e-03
4.605378255822419167e+09 0.000000000000000000e+00 1.047140907048590757e-03 2.469082051499179534e-03
5.825136712468918800e+09 4.037493847641802740e-04 1.254704156272400768e-03 2.994869788921082805e-03
7.367954559661630630e+09 4.107264119705735786e-04 1.545642584639734694e-03 3.583709660646430817e-03
9.319395762340791702e+09 6.590809215469328785e-04 1.883290723198752757e-03 4.309909331520299716e-03
1.178768634793586349e+10 9.209190380947261277e-04 2.338711566145164865e-03 5.267724218737051579e-03
1.490971657184065056e+10 1.121699955030240961e-03 2.697218284159882615e-03 6.127982710019199385e-03
1.885863278772653198e+10 1.381939338178792259e-03 3.220796193698802386e-03 6.910419095548450338e-03
2.385344006431427383e+10 1.714783886201013503e-03 3.864633381907612870e-03 7.474425214423826604e-03
3.017114810529297256e+10 1.925842691547390408e-03 3.970385364933545942e-03 8.660851758810147322e-03
3.816213407949351501e+10 2.368903058145529952e-03 4.705603545203607997e-03 9.151481869595703977e-03
4.826957437677872467e+10 3.101037336561412918e-03 4.989157447309570600e-03 1.128807472252310422e-02
6.105402296585337830e+10 3.597107956106130894e-03 7.131833323666212504e-03 1.147592926794420605e-02
7.722449945836253357e+10 4.233029892962470592e-03 7.708279430308036771e-03 1.350493727275157117e-02
