# # z=4 (mass : SMHM (16, 50, 84))
1.124657822119817138e+07 7.241966738804934245e+00 7.414927482527260416e+00 7.557383196438099304e+00
1.422529313485368341e+07 7.301826737868713835e+00 7.458043589253154693e+00 7.586257970395525518e+00
1.799293623291553557e+07 7.354278765544449037e+00 7.497228971388712360e+00 7.613950398096722694e+00
2.275845926074784249e+07 7.403863203861916098e+00 7.535108903737056885e+00 7.641364881262573405e+00
2.878615592354567349e+07 7.448781673100171474e+00 7.570358841540615558e+00 7.668208308637547432e+00
3.641031949310678244e+07 7.491144902246391624e+00 7.605394605542814546e+00 7.695725464404684857e+00
4.605378255822408944e+07 7.531154503745659312e+00 7.639323043589444140e+00 7.723814021762604121e+00
5.825136712468926609e+07 7.569320659636279203e+00 7.672178957113922948e+00 7.751592935671679285e+00
7.367954559661640227e+07 7.605764419247774910e+00 7.704391122823341931e+00 7.779726256889921032e+00
9.319395762340770662e+07 7.640353008677476687e+00 7.736716370542464638e+00 7.807930754611380308e+00
1.178768634793587923e+08 7.675386419647659331e+00 7.768185066646227988e+00 7.837489548998179067e+00
1.490971657184067070e+08 7.709636355929908369e+00 7.800164072859705477e+00 7.867711014745776055e+00
1.885863278772649169e+08 7.742034575212315417e+00 7.832107787488328476e+00 7.897855431845769658e+00
2.385344006431422234e+08 7.775048357671457744e+00 7.863799840812482955e+00 7.928975912885899646e+00
3.017114810529301167e+08 7.807873983616362423e+00 7.895766267329209498e+00 7.960272601582683905e+00
3.816213407949356437e+08 7.841180917355833557e+00 7.929402318808854488e+00 7.992312198727620220e+00
4.826957437677861452e+08 7.874762453332705192e+00 7.962219263220996268e+00 8.024603777870421339e+00
6.105402296585323811e+08 7.906124966478125238e+00 7.995004951244610858e+00 8.057434013472249745e+00
7.722449945836263895e+08 7.938906187343618193e+00 8.027988619381172697e+00 8.092040349099903551e+00
9.767781100894875526e+08 7.971451294474534599e+00 8.061168842374412336e+00 8.126515484074063878e+00
1.235482888256746769e+09 8.005593540020644383e+00 8.096082094732887313e+00 8.161300700061392632e+00
1.562706976546997070e+09 8.035649659581594051e+00 8.129808559423551628e+00 8.196153026558418375e+00
1.976598071701631546e+09 8.070610018218157933e+00 8.163604566116397621e+00 8.233053850970254217e+00
2.500110382617930889e+09 8.103622339140390096e+00 8.198648674115682766e+00 8.269459466888958943e+00
3.162277660168384552e+09 8.137584817808656723e+00 8.235716866134669800e+00 8.305652452492182647e+00
3.999823395608931541e+09 8.171672701688976304e+00 8.271164387751595015e+00 8.344858760943544951e+00
5.059197488435828209e+09 8.206227119926941427e+00 8.305002862488009896e+00 8.381775133890432272e+00
6.399152336349278450e+09 8.241281605148135014e+00 8.343580738730679514e+00 8.421661045519197586e+00
8.094001216083123207e+09 8.277926115799974838e+00 8.381489639744089004e+00 8.460411671035950931e+00
1.023773966339586258e+10 8.308217937101717965e+00 8.416597123163063188e+00 8.503093354327258879e+00
1.294925842205265808e+10 8.336353779922465179e+00 8.453516685446853529e+00 8.538934088564920089e+00
1.637893706954064751e+10 8.386496636545505368e+00 8.501144296571956360e+00 8.583456813168684363e+00
2.071698399895303726e+10 8.420492390757026158e+00 8.534615359154500425e+00 8.619898444104258317e+00
2.620398528858348083e+10 8.455542159471020724e+00 8.578265417286859318e+00 8.670139225657761628e+00
3.314424749466429138e+10 8.483394071357821531e+00 8.602615631891884718e+00 8.698854328918427470e+00
4.192267435236911774e+10 8.528177749377558570e+00 8.651780637363703619e+00 8.743798904703874442e+00
5.302611335911986542e+10 8.576730523901165526e+00 8.703013900518453028e+00 8.792028512125908080e+00
6.707035611184292603e+10 8.603621704750471721e+00 8.722543651107638851e+00 8.829203482301849704e+00
8.483428982440713501e+10 8.645527294636176308e+00 8.778516642956009974e+00 8.866877234810464969e+00
1.073030940526156769e+11 8.693603239108281144e+00 8.805137554093438013e+00 8.899613266819653035e+00
1.357228782971656036e+11 8.752138672674265152e+00 8.859266707741362268e+00 8.944319643848666956e+00
1.716697906607859802e+11 8.787836531615679903e+00 8.887746394508626580e+00 8.968946485832484328e+00
2.171374302937512817e+11 8.764047388622930868e+00 8.923324734349028731e+00 9.021943732992626863e+00
2.746474114816058655e+11 8.801600515156232873e+00 8.936780699030357766e+00 9.001804450611926356e+00
3.473892112083115234e+11 8.768275913418992928e+00 8.968903728343935455e+00 9.024680275944795937e+00
