# # z=8 (mass : SMHM (16, 50, 84))
1.124657822119817138e+07 7.139333605047431419e+00 7.335227524298032264e+00 7.490699263096184168e+00
1.422529313485368341e+07 7.196470337147877316e+00 7.381356976857359697e+00 7.526393428279098963e+00
1.799293623291553557e+07 7.256156389075226087e+00 7.424561740031484725e+00 7.555999119588285851e+00
2.275845926074784249e+07 7.303780191629240193e+00 7.462650491335957703e+00 7.587157347970272525e+00
2.878615592354567349e+07 7.350671763307896178e+00 7.501098750889831024e+00 7.615986797141578890e+00
3.641031949310678244e+07 7.390524679249170781e+00 7.534282908348933994e+00 7.642941569889206477e+00
4.605378255822408944e+07 7.431999868777312557e+00 7.567048958886260834e+00 7.673535605706792495e+00
5.825136712468926609e+07 7.472640647894499111e+00 7.600586527282328753e+00 7.701145368897179821e+00
7.367954559661640227e+07 7.508861275409380198e+00 7.633392404449843127e+00 7.729358556901420485e+00
9.319395762340770662e+07 7.544897980415189664e+00 7.666455856843626293e+00 7.755351618753509868e+00
1.178768634793587923e+08 7.579432337986589552e+00 7.697937002478961510e+00 7.784959479639130819e+00
1.490971657184067070e+08 7.611131395885033513e+00 7.731099481282448949e+00 7.822733238151070800e+00
1.885863278772649169e+08 7.640945096141116721e+00 7.763627468005734222e+00 7.848773074542862105e+00
2.385344006431422234e+08 7.684936813814079670e+00 7.798987033334919161e+00 7.877767821304676232e+00
3.017114810529301167e+08 7.720933457055763505e+00 7.830595890455814612e+00 7.914699613984446103e+00
3.816213407949356437e+08 7.749380314102245038e+00 7.862423125036103855e+00 7.946569621086909230e+00
4.826957437677861452e+08 7.783379728401891740e+00 7.902994794088354702e+00 7.978250954749686485e+00
6.105402296585323811e+08 7.823483501377970661e+00 7.935713324837559313e+00 8.014187912908186107e+00
7.722449945836263895e+08 7.862821425021334854e+00 7.973381722285989071e+00 8.048580825116635751e+00
9.767781100894875526e+08 7.874863818050767073e+00 8.005197820716972501e+00 8.078586232009429935e+00
1.235482888256746769e+09 7.939621636810846539e+00 8.046359200359137986e+00 8.107983458023246826e+00
1.562706976546997070e+09 7.956364015090674258e+00 8.064158587171396775e+00 8.155630272855932006e+00
1.976598071701631546e+09 8.004688069713772336e+00 8.138122282720747336e+00 8.195501532845936410e+00
2.500110382617930889e+09 8.022096141391140023e+00 8.172913165480238717e+00 8.236388791685980593e+00
3.162277660168384552e+09 8.075272663637786508e+00 8.201416829863118707e+00 8.280112920098797957e+00
3.999823395608931541e+09 8.102611659740329486e+00 8.274074914723716034e+00 8.308982138453806954e+00
