# # z=4 (mass : SMHM (16, 50, 84))
2.878615592354563713e+09 0.000000000000000000e+00 6.449614946503830389e-04 1.427701948546276434e-03
3.641031949310673237e+09 0.000000000000000000e+00 9.255075253826306305e-04 1.852508872581608637e-03
4.605378255822419167e+09 4.000196795712361911e-04 1.204791986044442690e-03 2.351595874186106477e-03
5.825136712468918800e+09 6.207338954019414427e-04 1.566676551989968627e-03 2.954296652913194782e-03
7.367954559661630630e+09 8.393593059725999294e-04 2.004752380292094526e-03 3.700091718212266539e-03
9.319395762340791702e+09 1.147145893590361017e-03 2.565993511577330331e-03 4.660452259968315795e-03
1.178768634793586349e+10 1.504480838107665397e-03 3.248262933581445248e-03 5.781068453756720016e-03
1.490971657184065056e+10 1.954509424284764547e-03 4.050549617465777803e-03 7.115957760928630013e-03
1.885863278772653198e+10 2.474849298609418328e-03 5.003113339519991987e-03 8.675125791866387243e-03
2.385344006431427383e+10 3.104528685704723966e-03 6.138656617428058480e-03 1.052234152872786460e-02
3.017114810529297256e+10 3.863358459114149372e-03 7.496090832463817889e-03 1.267747762217295154e-02
3.816213407949351501e+10 4.769914620899737973e-03 9.119872499912487496e-03 1.525236168608325692e-02
4.826957437677872467e+10 5.836168705070351147e-03 1.100754506595492607e-02 1.815916942395334743e-02
6.105402296585337830e+10 7.092457916010386394e-03 1.314942712411302887e-02 2.151254452722477575e-02
7.722449945836253357e+10 8.528169410519386220e-03 1.567087132206594624e-02 2.552721534355604019e-02
9.767781100894862366e+10 1.025780368617987617e-02 1.851487356633906359e-02 2.988232603659588330e-02
1.235482888256744995e+11 1.224285143513785361e-02 2.174444834369525584e-02 3.480488083515709263e-02
1.562706976546994934e+11 1.431940737925506413e-02 2.524655204267256536e-02 4.033733861222267569e-02
1.976598071701636047e+11 1.696953226128629366e-02 2.922824782037777847e-02 4.605475708245924948e-02
2.500110382617936401e+11 1.946075257523680047e-02 3.326295169859788681e-02 5.246136292549343633e-02
3.162277660168380127e+11 2.275174961720234645e-02 3.800113759747111158e-02 5.908505118893276481e-02
3.999823395608926392e+11 2.586468128380216627e-02 4.270785042577374818e-02 6.641743548534347064e-02
5.059197488435822144e+11 2.930088986938786041e-02 4.830120638810760092e-02 7.554595376802075712e-02
6.399152336349270020e+11 3.349900747911874199e-02 5.480107748601259487e-02 8.325664542654392930e-02
8.094001216083140869e+11 3.728187994841613423e-02 5.998094696080263910e-02 9.275386102426530499e-02
1.023773966339584961e+12 4.196581123641927175e-02 6.655698478130167572e-02 1.034438159682002784e-01
1.294925842205263916e+12 4.759356836796804768e-02 7.368078037947778380e-02 1.129648467402730172e-01
1.637893706954062500e+12 5.044790445442078747e-02 8.053157098031767103e-02 1.225120244395995345e-01
2.071698399895308350e+12 5.677299472185000362e-02 8.963988074917948745e-02 1.373326314896008427e-01
2.620398528858354004e+12 6.341499440544619282e-02 9.664424584609253299e-02 1.523947916028431659e-01
3.314424749466424805e+12 6.777737290442974183e-02 1.084482800785881162e-01 1.633775694480724128e-01
4.192267435236905762e+12 8.197869252086570357e-02 1.172321408762763834e-01 1.709151083326892195e-01
5.302611335911979492e+12 8.301905474969771548e-02 1.278038694317116530e-01 1.862818224050133697e-01
6.707035611184307617e+12 9.369085008654143287e-02 1.378440989499240821e-01 1.871580787012492308e-01
8.483428982440732422e+12 1.135541212418655632e-01 1.399192261399777037e-01 2.048494015078357045e-01
1.073030940526158984e+13 1.223864961578737531e-01 1.689745849427053970e-01 2.304988644981966206e-01
1.357228782971654297e+13 1.455031793779859306e-01 1.692161688788749729e-01 2.171737712804807097e-01
