# # z=6 (mass : SMHM (16, 50, 84))
1.124657822119817138e+07 7.191656106458915509e+00 7.370851927306249607e+00 7.513651639905889468e+00
1.422529313485368341e+07 7.249517369171651460e+00 7.413674373894342473e+00 7.545770531685470850e+00
1.799293623291553557e+07 7.302378856615399982e+00 7.452738391331178214e+00 7.573035137057707367e+00
2.275845926074784249e+07 7.349725892653566461e+00 7.490425607920650819e+00 7.601899989745064978e+00
2.878615592354567349e+07 7.392934653803691525e+00 7.525957470066728661e+00 7.629945482705036142e+00
3.641031949310678244e+07 7.434864489581538116e+00 7.561130616405123739e+00 7.658515921201225041e+00
4.605378255822408944e+07 7.473873197105130650e+00 7.593803623617533916e+00 7.685689076459738978e+00
5.825136712468926609e+07 7.512693747158277091e+00 7.627903916445193389e+00 7.714705537147050762e+00
7.367954559661640227e+07 7.548872601511419589e+00 7.660800271439407005e+00 7.743795837796841219e+00
9.319395762340770662e+07 7.584614725731658069e+00 7.694713970160146133e+00 7.773975366087094940e+00
1.178768634793587923e+08 7.618198168358282452e+00 7.725630380494500571e+00 7.803047671354534032e+00
1.490971657184067070e+08 7.654280939138080164e+00 7.759734547427163953e+00 7.835460676122011137e+00
1.885863278772649169e+08 7.687375292146498396e+00 7.792668555151680110e+00 7.866754487763579107e+00
2.385344006431422234e+08 7.720106976372917984e+00 7.825818766979624641e+00 7.900046436800701954e+00
3.017114810529301167e+08 7.757561674779834604e+00 7.859300386542518169e+00 7.931497655844459871e+00
3.816213407949356437e+08 7.789349044508950826e+00 7.893279143055996983e+00 7.965294667300677034e+00
4.826957437677861452e+08 7.824193884294363244e+00 7.927872077051750566e+00 7.999204597262354000e+00
6.105402296585323811e+08 7.856785846041068666e+00 7.964198344848377076e+00 8.035613766462681440e+00
7.722449945836263895e+08 7.894135865860693713e+00 7.999482214938350211e+00 8.071056374533650768e+00
9.767781100894875526e+08 7.924834907922278404e+00 8.031268318788461258e+00 8.107341971158911420e+00
1.235482888256746769e+09 7.957653887760640643e+00 8.066010819622956518e+00 8.144075566535182276e+00
1.562706976546997070e+09 8.001114400815700023e+00 8.101059572922892471e+00 8.176552022289607535e+00
1.976598071701631546e+09 8.029831452428283001e+00 8.141967841324056820e+00 8.214106938957531412e+00
2.500110382617930889e+09 8.064848666945415800e+00 8.176290545981828473e+00 8.258721278632735974e+00
3.162277660168384552e+09 8.104636499268641714e+00 8.216978500950885334e+00 8.294451373520534077e+00
3.999823395608931541e+09 8.150291291503796387e+00 8.254465057429639430e+00 8.331144125200571793e+00
5.059197488435828209e+09 8.172256684685457628e+00 8.295051385642175035e+00 8.371069050781114740e+00
6.399152336349278450e+09 8.212874290955113565e+00 8.323716740922208146e+00 8.414454663523200040e+00
8.094001216083123207e+09 8.240912667000349856e+00 8.370507246966706560e+00 8.453188685834767568e+00
1.023773966339586258e+10 8.302159569480258128e+00 8.435287423456120592e+00 8.506118262582242906e+00
1.294925842205265808e+10 8.330439317831766388e+00 8.446493225106090463e+00 8.535977737679637301e+00
1.637893706954064751e+10 8.380601104303968540e+00 8.497761214475385572e+00 8.600994734131001351e+00
2.071698399895303726e+10 8.389708006825449260e+00 8.517619029109285478e+00 8.655994866514610919e+00
2.620398528858348083e+10 8.419634393101532055e+00 8.596168967318316589e+00 8.699005456952384918e+00
3.314424749466429138e+10 8.483912032220287003e+00 8.623620234021590392e+00 8.737041859398921417e+00
4.192267435236911774e+10 8.467986389620044463e+00 8.572984390399994936e+00 8.642610581551572579e+00
