# # z=8 (mass : SMHM (16, 50, 84))
2.878615592354563713e+09 0.000000000000000000e+00 6.978169981819552520e-04 1.528807315509919272e-03
3.641031949310673237e+09 0.000000000000000000e+00 6.907464952069837126e-04 1.863676786627022075e-03
4.605378255822419167e+09 0.000000000000000000e+00 1.035684137305601825e-03 2.333423891438342682e-03
5.825136712468918800e+09 3.946226446615571184e-04 1.367144443935925822e-03 2.924289139972060907e-03
7.367954559661630630e+09 6.180689621633534856e-04 1.767521558783384777e-03 3.589978928276628921e-03
9.319395762340791702e+09 8.335020355000432972e-04 2.225531962532379098e-03 4.480009590231111456e-03
1.178768634793586349e+10 1.117294605853486533e-03 2.789044402209533112e-03 5.453970920449055342e-03
1.490971657184065056e+10 1.439361793456359539e-03 3.414036367206332249e-03 6.450583795807283971e-03
1.885863278772653198e+10 1.830031612793037209e-03 4.076061440885008803e-03 7.464760983330178540e-03
2.385344006431427383e+10 2.270538065736868970e-03 4.802722049607601601e-03 8.656715857491890584e-03
3.017114810529297256e+10 2.766777843883887027e-03 5.616285242545978468e-03 1.013859859398073306e-02
3.816213407949351501e+10 3.295931281002327951e-03 6.400116324599730740e-03 1.152656714600315199e-02
4.826957437677872467e+10 3.814038545566209894e-03 7.423409097192667713e-03 1.340304140556547452e-02
6.105402296585337830e+10 4.539791317487791751e-03 8.580412911318818087e-03 1.571552742200977779e-02
7.722449945836253357e+10 5.142369913811098772e-03 9.728424941162546608e-03 1.816202303126658937e-02
9.767781100894862366e+10 6.182769809938763912e-03 1.134595335315797399e-02 2.082311170270035802e-02
1.235482888256744995e+11 7.014750663795568143e-03 1.268639010927660217e-02 2.388137001334812715e-02
1.562706976546994934e+11 7.771403519254317140e-03 1.482737426816996620e-02 2.776537541991798072e-02
1.976598071701636047e+11 8.398607425249724964e-03 1.571656998484123949e-02 2.892798059769864302e-02
2.500110382617936401e+11 9.940899641756043709e-03 1.842585963532742538e-02 3.399617856750702244e-02
3.162277660168380127e+11 1.181795617584666634e-02 2.095659990238353532e-02 4.358556213642592048e-02
3.999823395608926392e+11 1.419408144577104063e-02 2.421987157965940426e-02 4.348676791270951469e-02
5.059197488435822144e+11 1.565384610613575547e-02 2.823685710219725475e-02 5.764796508121874247e-02
6.399152336349270020e+11 1.552382788214710756e-02 2.219111188451589750e-02 3.455214670377707714e-02
8.094001216083140869e+11 1.948897006978400626e-02 2.819373216246865918e-02 4.305698598883956479e-02
