# # z=3 (mass : SMHM (16, 50, 84))
2.878615592354563713e+09 0.000000000000000000e+00 5.890868864725247846e-04 1.362223881484670275e-03
3.641031949310673237e+09 0.000000000000000000e+00 8.765980964640303656e-04 1.802473813832987729e-03
4.605378255822419167e+09 3.663717881056091402e-04 1.147681414960965551e-03 2.304087221276440983e-03
5.825136712468918800e+09 5.821249932845144791e-04 1.526325057835497493e-03 2.954040832050020254e-03
7.367954559661630630e+09 8.241451038185356685e-04 1.998601337201015397e-03 3.796788298594328242e-03
9.319395762340791702e+09 1.153091003656544870e-03 2.620593826900387627e-03 4.888817681841567744e-03
1.178768634793586349e+10 1.545544890787474857e-03 3.393705813950701443e-03 6.222326418036333226e-03
1.490971657184065056e+10 2.053259914409695085e-03 4.340168187109937070e-03 7.839527136418307854e-03
1.885863278772653198e+10 2.662148300426710017e-03 5.479196263178999840e-03 9.761973711885819568e-03
2.385344006431427383e+10 3.415043082406955810e-03 6.872545976420332478e-03 1.203796941354546950e-02
3.017114810529297256e+10 4.321063954100856468e-03 8.510779580236537203e-03 1.469514439624977457e-02
3.816213407949351501e+10 5.414165044960408089e-03 1.042302376853734662e-02 1.773109154996270129e-02
4.826957437677872467e+10 6.727904601824508460e-03 1.270353648738470689e-02 2.131801295393078235e-02
6.105402296585337830e+10 8.258733616550344506e-03 1.528956952048881983e-02 2.529251907449939218e-02
7.722449945836253357e+10 1.002623780067569970e-02 1.825377408737956578e-02 2.994588857320049438e-02
9.767781100894862366e+10 1.214545940135864678e-02 2.165276339446012624e-02 3.508908614345444127e-02
1.235482888256744995e+11 1.444922098374856051e-02 2.527183300319671075e-02 4.058464579803472416e-02
1.562706976546994934e+11 1.701825623211894803e-02 2.932960006005974618e-02 4.663756919939810591e-02
1.976598071701636047e+11 2.003807014465406808e-02 3.363902056181457267e-02 5.275508385248969118e-02
2.500110382617936401e+11 2.326886195963249679e-02 3.838356511020386830e-02 5.928969579267350659e-02
3.162277660168380127e+11 2.653984329133793341e-02 4.323986953982478232e-02 6.570820732176260726e-02
3.999823395608926392e+11 3.030263079820008990e-02 4.828028366909280222e-02 7.264462363423010438e-02
5.059197488435822144e+11 3.434059512148259635e-02 5.375376237421088804e-02 7.961953143229838492e-02
6.399152336349270020e+11 3.856123840684150955e-02 5.936007653132335110e-02 8.663460324359262277e-02
8.094001216083140869e+11 4.320135850666108335e-02 6.433149051999302592e-02 9.409984878703139821e-02
1.023773966339584961e+12 4.802308086713471397e-02 7.038363257663354799e-02 1.006110039320711746e-01
1.294925842205263916e+12 5.336043341849411314e-02 7.651421810841731175e-02 1.086035237067546899e-01
1.637893706954062500e+12 5.808608294838385477e-02 8.407046839542497985e-02 1.182037944281402186e-01
2.071698399895308350e+12 6.239610380109471971e-02 8.955765891420826297e-02 1.230126214696037612e-01
2.620398528858354004e+12 6.846187688277380334e-02 9.488271276875701044e-02 1.320350442807015912e-01
3.314424749466424805e+12 7.593552726992452984e-02 1.024155576937130635e-01 1.387166241293321389e-01
4.192267435236905762e+12 7.840859561060788130e-02 1.078303062665834089e-01 1.454088170326720553e-01
5.302611335911979492e+12 8.434198110357656042e-02 1.144426363887461884e-01 1.565324056757081139e-01
6.707035611184307617e+12 9.423517789281767032e-02 1.215612271559204094e-01 1.689953068583724405e-01
8.483428982440732422e+12 9.661820042766994243e-02 1.302747127242762648e-01 1.759601739694626188e-01
1.073030940526158984e+13 1.031207810150184395e-01 1.352096903391186988e-01 1.737638147715912240e-01
1.357228782971654297e+13 1.125260945867086748e-01 1.459949672208782911e-01 1.848892496618370074e-01
1.716697906607857617e+13 1.057234808298882917e-01 1.481921048808376995e-01 1.816519104289456843e-01
2.171374302937517578e+13 1.195306013111904764e-01 1.600285973097693437e-01 2.078929663787152937e-01
2.746474114816054688e+13 1.216599764157568347e-01 1.372700913753124863e-01 1.603852120356639988e-01
3.473892112083123047e+13 1.116858364166800482e-01 1.471791999587176991e-01 2.074598571507093592e-01
