# # z=10 (mass : SMHM (16, 50, 84))
1.124657822119817138e+07 7.076720371571103563e+00 7.280601303964529869e+00 7.446678619751799566e+00
1.422529313485368341e+07 7.140852972557640399e+00 7.329661617991236611e+00 7.481702261312804580e+00
1.799293623291553557e+07 7.203996933449489326e+00 7.380739694179891508e+00 7.519367937432244631e+00
2.275845926074784249e+07 7.251050370685310220e+00 7.426529173385723936e+00 7.558253449961519266e+00
2.878615592354567349e+07 7.301469209229339619e+00 7.466724470927942114e+00 7.593926450160957131e+00
3.641031949310678244e+07 7.345334755054945930e+00 7.508365151320460562e+00 7.622499046789359411e+00
4.605378255822408944e+07 7.384838991878279302e+00 7.540504258703851548e+00 7.653243159006771990e+00
5.825136712468926609e+07 7.434920701855530112e+00 7.579481414770247838e+00 7.691496390552776674e+00
7.367954559661640227e+07 7.471391273866553107e+00 7.612969485835842320e+00 7.714882919315213528e+00
9.319395762340770662e+07 7.497680165225856896e+00 7.648505488480252801e+00 7.742939568854016130e+00
1.178768634793587923e+08 7.546937567374488509e+00 7.680214500288385260e+00 7.768070155606153548e+00
1.490971657184067070e+08 7.562569403564962656e+00 7.707449078031219258e+00 7.801116405109449481e+00
1.885863278772649169e+08 7.612672495256713745e+00 7.738667883949077009e+00 7.833562454293403476e+00
2.385344006431422234e+08 7.626777289516475378e+00 7.776590157363489020e+00 7.875914257226154902e+00
3.017114810529301167e+08 7.645339361557243585e+00 7.812636987242907338e+00 7.882815335879773677e+00
3.816213407949356437e+08 7.758269245188767371e+00 7.869535626174959830e+00 7.951146230393865366e+00
4.826957437677861452e+08 7.830113624888589641e+00 7.906199808420497632e+00 7.944396403528177331e+00
6.105402296585323811e+08 7.861467451857159006e+00 7.943907930238085946e+00 7.991782713198089638e+00
7.722449945836263895e+08 7.830419609948537918e+00 7.930746737229138255e+00 8.020921914427777466e+00
