# # z=6 (mass : SMHM (16, 50, 84))
2.878615592354563713e+09 0.000000000000000000e+00 6.846146834526928250e-04 1.462895420662515752e-03
3.641031949310673237e+09 0.000000000000000000e+00 7.070053239372173530e-04 1.797513448512704773e-03
4.605378255822419167e+09 4.014168209744349526e-04 1.066481427785450275e-03 2.264230558607502157e-03
5.825136712468918800e+09 4.179547280905661940e-04 1.454527866786880933e-03 2.822406474925561511e-03
7.367954559661630630e+09 6.838473184381425136e-04 1.854476589264577539e-03 3.487985831770840008e-03
9.319395762340791702e+09 9.693243390758947810e-04 2.353622436741299902e-03 4.377168271408291532e-03
1.178768634793586349e+10 1.273914555924595326e-03 2.958974237347403516e-03 5.332103640408035992e-03
1.490971657184065056e+10 1.659264288270617801e-03 3.632432258161338769e-03 6.365143771675268146e-03
1.885863278772653198e+10 2.096747300003567061e-03 4.388405143445820063e-03 7.571515092516366112e-03
2.385344006431427383e+10 2.593024575566325700e-03 5.234185543363631572e-03 9.004982486900809519e-03
3.017114810529297256e+10 3.159237013131098708e-03 6.256566346921817526e-03 1.069491124841257836e-02
3.816213407949351501e+10 3.822525987211749642e-03 7.459623959836670509e-03 1.266680983126499543e-02
4.826957437677872467e+10 4.563026383865528314e-03 8.760574089671378101e-03 1.487330842691379947e-02
6.105402296585337830e+10 5.424261999335355453e-03 1.031906055304314396e-02 1.761499355886389853e-02
7.722449945836253357e+10 6.384292336167673304e-03 1.202880184414364777e-02 2.072290716794886883e-02
9.767781100894862366e+10 7.553779968211188356e-03 1.424212258366930675e-02 2.440757420368403277e-02
1.235482888256744995e+11 8.966376324263300099e-03 1.658899677448159860e-02 2.854225815826386473e-02
1.562706976546994934e+11 1.031065352547572839e-02 1.914888740829106401e-02 3.278439323162931490e-02
1.976598071701636047e+11 1.193602236731122063e-02 2.210308812532002509e-02 3.783528254540429597e-02
2.500110382617936401e+11 1.418336550904165938e-02 2.549358610970494862e-02 4.422536910206775751e-02
3.162277660168380127e+11 1.592273469784338813e-02 2.838050806218343422e-02 4.910288057425364616e-02
3.999823395608926392e+11 1.780069237923156966e-02 3.247081728886777596e-02 5.530196978400979402e-02
5.059197488435822144e+11 2.155209894062697779e-02 3.727287012040377684e-02 6.533335913900892300e-02
6.399152336349270020e+11 2.286964660480166056e-02 4.075187509973555999e-02 7.159117010695907612e-02
8.094001216083140869e+11 2.539625016131858218e-02 4.750461879935339443e-02 8.293565070483609192e-02
1.023773966339584961e+12 3.029375953297756136e-02 5.027393700541017002e-02 8.997320393787205939e-02
1.294925842205263916e+12 3.219189157534145529e-02 5.686679593134495031e-02 1.005654802224852790e-01
1.637893706954062500e+12 4.246168902015266811e-02 5.878179002390344216e-02 9.597046146942626865e-02
2.071698399895308350e+12 4.289354663489694519e-02 6.632677534306390121e-02 1.028168228652562577e-01
2.620398528858354004e+12 5.696611560383487566e-02 9.350502401712837419e-02 1.266041367007143814e-01
