# # z=3 (mass : SMHM (16, 50, 84))
1.124657822119817138e+07 7.261754085390785818e+00 7.427507902853031752e+00 7.564717323211579192e+00
1.422529313485368341e+07 7.325850341434608559e+00 7.474004825640308880e+00 7.596296575646535487e+00
1.799293623291553557e+07 7.382426252161305769e+00 7.516769676609943218e+00 7.626859461013628660e+00
2.275845926074784249e+07 7.435217778545938572e+00 7.557773872779361746e+00 7.656874632200739939e+00
2.878615592354567349e+07 7.483351062139997012e+00 7.595686650846992904e+00 7.685889679340153435e+00
3.641031949310678244e+07 7.527678599954370497e+00 7.631829776417199618e+00 7.714827317965436748e+00
4.605378255822408944e+07 7.570176870257263602e+00 7.667467797895680448e+00 7.744304582759713895e+00
5.825136712468926609e+07 7.609168080863955907e+00 7.701586873714640902e+00 7.773885281826688143e+00
7.367954559661640227e+07 7.646371634871695022e+00 7.735438369296213423e+00 7.803376706497927806e+00
9.319395762340770662e+07 7.682243582185554587e+00 7.767995012224931273e+00 7.832921880002164272e+00
1.178768634793587923e+08 7.717081210812139602e+00 7.800698508393759667e+00 7.862995631683766362e+00
1.490971657184067070e+08 7.751369757301360686e+00 7.833008312828157571e+00 7.892913376481375032e+00
1.885863278772649169e+08 7.785278359368360768e+00 7.865242360182231884e+00 7.923799104860345111e+00
2.385344006431422234e+08 7.817684196026602805e+00 7.896662419750465567e+00 7.954141405328368997e+00
3.017114810529301167e+08 7.850649916693392960e+00 7.928541151730499337e+00 7.985045875930009807e+00
3.816213407949356437e+08 7.882840999190468878e+00 7.961054292999584447e+00 8.016598396784459624e+00
4.826957437677861452e+08 7.913875507512043939e+00 7.992699247263251650e+00 8.048288614501256433e+00
6.105402296585323811e+08 7.946798153686927435e+00 8.025509964345481251e+00 8.080947108482243735e+00
7.722449945836263895e+08 7.978553635406556488e+00 8.057539298694530672e+00 8.114458088229735466e+00
9.767781100894875526e+08 8.010526436990080157e+00 8.091162136149584683e+00 8.148187172557358693e+00
1.235482888256746769e+09 8.043039221659565641e+00 8.123838809707494946e+00 8.182908311160748127e+00
1.562706976546997070e+09 8.073581244337402651e+00 8.156630835560900294e+00 8.216043364579295627e+00
1.976598071701631546e+09 8.106837884438519382e+00 8.190708132240493100e+00 8.252198055707880897e+00
2.500110382617930889e+09 8.138179547632059752e+00 8.224004148639828315e+00 8.286170770671386521e+00
3.162277660168384552e+09 8.168066395737813679e+00 8.256690782121264505e+00 8.322605004315043686e+00
3.999823395608931541e+09 8.202031633787580489e+00 8.290169352277379389e+00 8.358019737980662001e+00
5.059197488435828209e+09 8.234224750046674757e+00 8.324314549854179290e+00 8.394214906863830095e+00
6.399152336349278450e+09 8.265941855512464187e+00 8.357357784818224999e+00 8.430582013988793477e+00
8.094001216083123207e+09 8.298075149396215267e+00 8.392052943430384104e+00 8.467354165506705499e+00
1.023773966339586258e+10 8.331748104274588229e+00 8.425123930899607316e+00 8.504865323636760621e+00
1.294925842205265808e+10 8.360934847995761032e+00 8.461000353555824915e+00 8.543952499285691005e+00
1.637893706954064751e+10 8.398459696047254397e+00 8.499324143975334422e+00 8.579391430056796608e+00
2.071698399895303726e+10 8.430083151790064733e+00 8.527404614584950693e+00 8.612424036043476505e+00
2.620398528858348083e+10 8.467100950098398471e+00 8.566464416184601305e+00 8.653387303928711916e+00
3.314424749466429138e+10 8.498630164268757170e+00 8.602571142121846037e+00 8.689294400344792280e+00
4.192267435236911774e+10 8.520177162374430679e+00 8.634145109044116140e+00 8.723514897165376425e+00
5.302611335911986542e+10 8.550232179513908903e+00 8.663688749198680483e+00 8.760577886918520463e+00
6.707035611184292603e+10 8.596742369316212162e+00 8.697655517621630139e+00 8.797326541668773814e+00
8.483428982440713501e+10 8.630887306731603204e+00 8.740420127573063525e+00 8.843153980033513051e+00
1.073030940526156769e+11 8.658775038608720109e+00 8.772466290147914236e+00 8.875840481852717900e+00
1.357228782971656036e+11 8.705421843220463529e+00 8.815831012718440718e+00 8.904605904053116916e+00
1.716697906607859802e+11 8.738593339960576856e+00 8.863747980824779660e+00 8.946285931214942977e+00
2.171374302937512817e+11 8.746961373111538762e+00 8.885263707152891044e+00 8.977700090473225814e+00
2.746474114816058655e+11 8.794729645501899284e+00 8.915840548872420612e+00 8.991867580807383575e+00
3.473892112083115234e+11 8.803776199783484913e+00 8.929812546076352220e+00 9.030884897526744837e+00
4.393970560760797729e+11 8.889135434585337947e+00 8.959885594579512613e+00 9.029984075063431703e+00
5.557736586486893311e+11 8.845855112276616694e+00 8.944415396850947886e+00 9.022650976571963355e+00
7.029732115325477295e+11 8.959227393935822903e+00 9.015761923226364161e+00 9.072284213161511346e+00
