# # z=12 (mass : SMHM (16, 50, 84))
1.124657822119819641e+09 1.533147612507655385e-04 6.710580669650731194e-04 2.044242256622547365e-03
1.422529313485371590e+09 1.840113759871961677e-04 8.253710638811872146e-04 2.616998423692449335e-03
1.799293623291551113e+09 2.274162055028518291e-04 1.061859516308597071e-03 3.404992207461112440e-03
2.275845926074781418e+09 2.938927082141162828e-04 1.354943289369970423e-03 4.702912594409288348e-03
2.878615592354563713e+09 3.965373118679977097e-04 1.845867357543119845e-03 7.340812733106803073e-03
3.641031949310673237e+09 5.109614426519179303e-04 2.431828850931792938e-03 1.180000559304702698e-02
4.605378255822419167e+09 6.917788223439795764e-04 3.370472857896543526e-03 1.693566035876263934e-02
5.825136712468918800e+09 9.577879549784688992e-04 4.994248915043826911e-03 2.102209407775128269e-02
7.367954559661630630e+09 1.336749101326739891e-03 8.150793709334167719e-03 2.538331891181038955e-02
9.319395762340791702e+09 2.118065440597882536e-03 1.176378735509074971e-02 2.972377009964623576e-02
1.178768634793586349e+10 3.055038339015645789e-03 1.646680175326764237e-02 3.570036888198896419e-02
1.490971657184065056e+10 5.152966439739236487e-03 1.961838160107125598e-02 3.998202527491527547e-02
1.885863278772653198e+10 7.841459711150983863e-03 2.286277642687324294e-02 4.521427011941787921e-02
2.385344006431427383e+10 1.100494028221754572e-02 2.800903977734631872e-02 5.362423644477469498e-02
3.017114810529297256e+10 1.405201614719860971e-02 2.999571495552042985e-02 5.841320189723713668e-02
3.816213407949351501e+10 1.834046294088246404e-02 3.677466741121816068e-02 6.349961632160378011e-02
4.826957437677872467e+10 2.320654514688448578e-02 3.973966307907562945e-02 7.613152551815889624e-02
6.105402296585337830e+10 2.640836860709747103e-02 5.608602984212948672e-02 8.208724922027253734e-02
7.722449945836253357e+10 3.347412366267354250e-02 5.298516938279641819e-02 9.805033991082767741e-02
