#z=6
#log(Halo Mass [Msun])  Median-log(Stellar mass [Msun]) 10 percentile-log(Stellar mass [Msun])  90 percentile-log(Stellar mass [Msun])
9.660677442022916 6.492085698808939 6.074144812138838 6.815969099168002
9.82604972620426 6.725772945368897 6.380836698862647 7.020055107122448
9.991422010385605 6.970025401061281 6.671738670292313 7.230968695413363
10.15679429456695 7.217009234416104 6.948746307564009 7.463919970454143
10.322166578748293 7.471622752285633 7.216134182439116 7.714466986862283
10.487538862929638 7.721519049435156 7.472281070369846 7.946797246195216
10.65291114711098 7.969616288221698 7.731986828143163 8.195836868207367
10.818283431292326 8.212055777910432 7.972378814535462 8.423453546964728
10.98365571547367 8.471999566901006 8.218428627264338 8.707994487662809
11.149027999655015 8.691568009731549 8.450287191947133 9.005315800642043
11.31440028383636 8.88571494267915 8.623335428325634 9.257036406507318
11.479772568017705 9.290094772297895 8.920675946012663 9.64598325273658
11.645144852199046 9.835464466484044 9.310204737208087 10.202500560513059
11.81051713638039 9.840610962194702 9.573366510807391 10.161429092813368
11.975889420561735 10.227456833194083 9.933040106525594 10.342715534715794

#z=8
#log(Halo Mass [Msun])  Median-log(Stellar mass [Msun]) 10 percentile-log(Stellar mass [Msun])  90 percentile-log(Stellar mass [Msun])
9.57260052433772 6.4238376314504 5.966382110357349 6.730699783694654
9.710944067754593 6.592103397447484 6.226740924620003 6.862699115081016
9.849287611171466 6.776753382821806 6.471376707718488 7.024234361645191
9.98763115458834 6.96899878127398 6.692238816322289 7.1868474362941885
10.125974698005214 7.163585948368975 6.921583314879641 7.368245914972885
10.264318241422089 7.368967102316097 7.1452972188083015 7.567873497041235
10.402661784838962 7.5726779614223965 7.355109956404762 7.761064689815369
10.541005328255835 7.766066122097021 7.590123650928639 7.963611761251608
10.679348871672708 7.977427990284507 7.747853607369738 8.152465028541833
10.817692415089581 8.194317455893536 7.998801239671179 8.36835533118721
10.956035958506456 8.358538437471903 8.16807427063814 8.538162192128858
11.09437950192333 8.533136043262775 8.227954254495403 8.706847677618102
11.232723045340204 8.800897080654977 8.628633228992255 9.046464408597156
11.371066588757078 9.112161789505206 8.93295335304038 9.42734797519985
11.50941013217395 9.554242973735494 9.42468707382482 9.683798873646168

#z=10
#log(Halo Mass [Msun])  Median-log(Stellar mass [Msun]) 10 percentile-log(Stellar mass [Msun])  90 percentile-log(Stellar mass [Msun])
9.57871099530657 6.471900592393753 6.074261297341202 6.759122071261284
9.696893886327748 6.608771784330264 6.290572610915326 6.853853796372885
9.815076777348924 6.755326688182938 6.460954748515937 6.987252406323034
9.933259668370102 6.909279395828551 6.637377129937572 7.125938204052034
10.05144255939128 7.062704992909918 6.838294678030551 7.245848506276398
10.169625450412457 7.2109059863345175 6.993407661830937 7.381675467894957
10.287808341433635 7.3843398001038825 7.168035487430386 7.545735326582715
10.405991232454813 7.588323090864869 7.332237735374553 7.7243291650494825
10.524174123475989 7.727655128411742 7.504478833762327 7.905917924051498
10.642357014497167 7.872025032889788 7.682710852507513 7.99198646350588
10.760539905518343 8.004278442850406 7.888921865454472 8.321100590538915
10.87872279653952 8.346773417632193 8.258548188929211 8.447954666655475
10.996905687560698 8.510245434287594 8.497333159000577 8.523157709574608
