#z=6
#log(Halo Mass [Msun])  Median-log(Stellar mass [Msun]) 10 percentile-log(Stellar mass [Msun])  90 percentile-log(Stellar mass [Msun])
9.660677442022916 6.492085698808939 6.074144812138838 6.815969099168002
9.82604972620426 6.725772945368897 6.380836698862647 7.020055107122448
9.991422010385605 6.970025401061281 6.671738670292313 7.230968695413363
10.15679429456695 7.217009234416104 6.948746307564009 7.463919970454143
10.322166578748293 7.471622752285633 7.216134182439116 7.714466986862283
10.487538862929638 7.721519049435156 7.472281070369846 7.946797246195216
10.65291114711098 7.969616288221698 7.731986828143163 8.195836868207367
10.818283431292326 8.212055777910432 7.972378814535462 8.423453546964728
10.98365571547367 8.471999566901006 8.218428627264338 8.707994487662809
11.149027999655015 8.691568009731549 8.450287191947133 9.005315800642043
11.31440028383636 8.88571494267915 8.623335428325634 9.257036406507318
11.479772568017705 9.290094772297895 8.920675946012663 9.64598325273658
11.645144852199046 9.835464466484044 9.310204737208087 10.202500560513059
11.81051713638039 9.840610962194702 9.573366510807391 10.161429092813368
11.975889420561735 10.227456833194083 9.933040106525594 10.342715534715794
