#z=10
#log(Halo Mass [Msun])  Median-log(Stellar mass [Msun]) 10 percentile-log(Stellar mass [Msun])  90 percentile-log(Stellar mass [Msun])
9.57871099530657 6.471900592393753 6.074261297341202 6.759122071261284
9.696893886327748 6.608771784330264 6.290572610915326 6.853853796372885
9.815076777348924 6.755326688182938 6.460954748515937 6.987252406323034
9.933259668370102 6.909279395828551 6.637377129937572 7.125938204052034
10.05144255939128 7.062704992909918 6.838294678030551 7.245848506276398
10.169625450412457 7.2109059863345175 6.993407661830937 7.381675467894957
10.287808341433635 7.3843398001038825 7.168035487430386 7.545735326582715
10.405991232454813 7.588323090864869 7.332237735374553 7.7243291650494825
10.524174123475989 7.727655128411742 7.504478833762327 7.905917924051498
10.642357014497167 7.872025032889788 7.682710852507513 7.99198646350588
10.760539905518343 8.004278442850406 7.888921865454472 8.321100590538915
10.87872279653952 8.346773417632193 8.258548188929211 8.447954666655475
10.996905687560698 8.510245434287594 8.497333159000577 8.523157709574608
