#z=8
#log(Halo Mass [Msun])  Median-log(Stellar mass [Msun]) 10 percentile-log(Stellar mass [Msun])  90 percentile-log(Stellar mass [Msun])
9.57260052433772 6.4238376314504 5.966382110357349 6.730699783694654
9.710944067754593 6.592103397447484 6.226740924620003 6.862699115081016
9.849287611171466 6.776753382821806 6.471376707718488 7.024234361645191
9.98763115458834 6.96899878127398 6.692238816322289 7.1868474362941885
10.125974698005214 7.163585948368975 6.921583314879641 7.368245914972885
10.264318241422089 7.368967102316097 7.1452972188083015 7.567873497041235
10.402661784838962 7.5726779614223965 7.355109956404762 7.761064689815369
10.541005328255835 7.766066122097021 7.590123650928639 7.963611761251608
10.679348871672708 7.977427990284507 7.747853607369738 8.152465028541833
10.817692415089581 8.194317455893536 7.998801239671179 8.36835533118721
10.956035958506456 8.358538437471903 8.16807427063814 8.538162192128858
11.09437950192333 8.533136043262775 8.227954254495403 8.706847677618102
11.232723045340204 8.800897080654977 8.628633228992255 9.046464408597156
11.371066588757078 9.112161789505206 8.93295335304038 9.42734797519985
11.50941013217395 9.554242973735494 9.42468707382482 9.683798873646168
